-0.346189
-1.92716
-0.738379
-0.717774
-0.770468
-0.452904
-0.379481
0.964781
4.40335
3.12857
3.08457
-0.487367
-0.0631263
1.96082
-0.742397
0.177919
0.102225
0.364455
-0.764791
1.27976
0.668682
-0.0139629
-0.211767
0.970465
0.14835
-0.248326
-1.3289
1.76238
0.0961764
0.22976
0.341957
-0.147716
0.377179
-0.338136
0.0931573
0.875764
0.427571
-1.14738
-0.427172
-0.281454
-0.458103
2.02461
1.60111
-0.273652
-0.271319
1.78431
-1.22545
0.822795
-1.87221
0.912805
-0.896706
-2.76509
-0.393247
0.829243
-0.0913142
-0.896005
-0.00292109
0.8274
0.00536859
1.15827
-0.0480881
1.22711
1.804
-0.0538845
-0.209062
0.661494
-1.09587
-0.131965
-1.97366
0.530356
0.500086
3.00442
-1.35654
-0.716041
0.988592
0.668714
-0.510793
-0.0909374
-0.251151
-0.578057
0.780222
-1.17395
0.187905
-0.230747
-0.0782436
-1.2975
0.744517
-0.952001
0.550192
1.31536
-0.934945
-0.213734
-0.0702442
-1.03888
0.495425
0.00688986
-0.425328
1.2927
1.51849
-0.0338421
-1.80163
0.246922
0.807857
-1.26785
0.549869
-1.61804
-0.923491
2.60124
-1.74249
0.654824
-0.658804
0.93143
-1.32639
-0.0287029
0.877635
0.377968
0.0433903
-0.638317
-0.0882178
0.473098
0.178418
-0.819795
0.0966704
-0.0263089
-0.0226794
-0.0921675
-0.58019
-0.461697
1.02303
1.23655
-0.00550774
-0.385689
2.19532
0.188027
-2.8404
0.469974
0.399288
1.71525
-0.722794
0.329689
1.18423
2.38117
-0.348972
-0.246399
-1.16202
-1.02449
-0.960773
0.305961
0.396372
-0.92704
1.58824
-0.779617
-0.450867
0.55397
0.643909
1.25436
-1.23304
0.36229
-0.909332
-0.525164
0.45421
-0.536618
-0.342015
-0.140049
-0.930176
0.785881
1.38302
0.675053
-0.506894
-0.226432
-0.523314
0.173692
-0.200677
0.184826
0.467965
-0.693269
0.302872
-1.03322
-0.841751
1.64471
-1.94596
-1.67507
-1.07934
-1.21575
-0.987784
-1.77294
0.570742
0.886045
-1.83698
-0.641288
2.11571
-0.767031
-0.81298
1.29677
0.393262
1.80357
-0.276237
-0.739957
-1.24667
-1.64514
-1.48673
-0.36219
1.40582
-0.663214
-0.588126
0.325506
-1.30943
-0.578752
1.20714
-0.117845
-0.0975415
0.842331
1.52819
1.30515
0.349609
-0.340076
-1.10544
1.45039
-1.28538
-0.573292
-1.87446
0.288473
-0.521064
-0.915094
0.775489
0.358887
1.74188
0.121427
-0.22983
0.210867
1.46084
0.132589
-0.638996
0.879137
0.0899719
-0.768662
2.26814
0.550677
0.390254
1.59298
-1.03799
-1.22094
0.0962044
0.183034
2.3762
0.573424
-1.55001
-0.667547
-0.332609
-1.3045
0.01279
-1.0772
0.804031
2.25568
0.276505
-1.11179
-0.234763
-0.133657
0.325004
1.01798
0.536308
0.0351064
-0.34558
-0.212456
3.63381
-1.02718
0.478473
1.38568
-0.0890422
-0.836917
-0.30856
-0.0942847
-0.0162217
0.978811
0.916453
1.45554
0.7041
0.278274
0.857182
-0.357983
-1.47
-1.68247
0.559667
1.71051
1.31961
-0.574188
1.92223
-1.75806
0.110616
0.805046
-1.21019
1.24789
0.379839
-1.81912
1.55095
-1.23679
-0.702327
-1.15068
-0.0138436
0.0926964
0.0677459
-0.294775
-0.356316
-0.377101
-0.113673
1.01947
-1.01904
-0.889599
-1.41351
0.222702
1.11071
-1.73761
-0.942797
-0.996784
0.830684
-1.92946
0.874324
1.05894
1.12261
-0.700214
1.22107
-0.401063
-0.598514
-0.120219
-0.372723
1.04363
-0.263112
-1.59465
-0.384169
-0.734352
-0.411735
-0.26849
-0.0485973
-1.38558
-1.1963
0.243198
0.192607
-0.363842
-0.198634
0.866279
-1.21418
-0.845553
-1.05497
-0.893852
1.27577
0.12726
0.0469698
5.47158
0.443933
1.99897
3.45151
-0.599861
0.445929
0.148307
0.222273
0.346675
0.472679
0.962941
-1.4324
1.21602
1.15514
0.730417
0.85232
0.611441
0.124158
-0.825115
-0.765363
-0.0692688
-1.45419
-0.192587
-0.826908
0.609689
1.1358
-0.444446
0.507585
-0.830077
-0.0617781
-0.462084
-1.54727
0.229517
0.5662
-2.43283
0.929822
1.44484
0.49481
-1.41767
2.4004
1.10022
0.928203
-0.0590627
-0.206559
-1.36773
-1.39219
1.07574
1.16747
-1.00333
-1.98797
-1.06374
1.24377
1.33156
-0.533457
0.328302
-1.59912
0.924127
-1.58368
0.178947
-1.18024
0.617161
0.0216075
-2.39785
-3.00441
1.77052
-1.47052
0.0607948
-0.964668
-0.354033
0.273905
0.419887
-1.62821
-0.0348434
0.0550609
-0.873031
-0.363902
-1.23754
-0.462629
1.14461
-0.203645
-2.03006
2.89153
0.369256
0.298588
2.30047
1.18134
-0.00260295
0.796817
-0.9783
-0.412803
0.975984
0.688015
0.944131
-0.58291
0.168253
0.323406
1.03963
0.267832
0.240398
-1.18738
-1.10451
-2.18385
-2.08711
0.381119
0.221395
0.912884
-0.481973
-1.86918
0.231734
2.63232
0.173576
1.4684
0.441332
1.77068
0.629736
0.572995
0.105118
1.01279
-1.01294
1.36911
0.91587
-1.79773
-0.520957
-0.733696
-0.756789
-1.22844
-0.904462
-1.74808
-0.501968
0.715534
-0.346886
2.29445
-1.49899
0.183774
-0.590473
-0.40411
-1.76643
-0.304799
0.83236
-1.77105
-1.24137
0.709628
-0.317199
0.146429
0.23876
1.23865
-1.94227
-1.32218
-0.499729
0.735594
-0.955831
1.60173
2.48075
