-1.38303
1.03918
1.72562
0.254484
0.992129
-0.335749
0.202788
-0.0458952
-1.41803
0.196595
-2.30616
-1.7816
-2.66071
-0.987467
-1.55962
-0.708649
0.761641
1.43069
1.19524
-0.630185
-1.80007
0.947988
-0.782826
0.181457
-0.321228
-0.923069
-0.409479
-1.15186
-3.01111
1.97956
-0.48616
-0.0584147
3.18867
-0.6878
-1.66667
-3.48826
-0.636319
-1.1866
1.73173
1.32203
0.838389
1.22883
0.686615
-1.90164
0.377342
1.19383
1.76983
-0.430622
-0.772264
0.818687
-0.660881
-0.776606
-0.417681
-0.192687
0.569423
1.00561
-1.35551
0.127554
0.112976
-0.438767
0.268515
-0.656104
-0.876198
-0.958464
-0.116496
-1.4951
0.0873423
0.0697411
-2.40418
-1.89835
-1.30402
-0.161089
0.471812
-2.13255
-1.26205
0.556438
0.614905
-0.529213
1.29358
-0.364685
-0.472532
-1.45593
1.10128
-2.65428
0.113264
0.171944
1.8458
-2.03902
-0.807249
1.06508
1.03773
0.900743
-3.82352
2.09349
-0.737193
1.7458
1.2138
-0.953944
0.0126063
-0.211696
-0.806303
-0.0673272
-0.0650318
0.832205
-0.368472
-2.06115
3.26472
1.05597
0.0995333
0.038591
-1.15453
0.585106
2.14299
-0.344812
0.287847
1.55108
0.999649
0.784833
-1.55968
-0.0289273
-1.24342
0.940658
-1.0242
2.89001
-1.03918
0.0584201
0.642867
0.0476145
2.10224
-1.95965
0.285099
-0.013765
0.391375
-0.59259
-0.920534
0.70842
-0.207555
-1.42156
-0.693296
0.300456
-1.77039
0.744425
-3.78699
-0.217911
4.60537
2.01132
1.48228
-0.456149
-0.253191
-0.32793
0.704751
-0.422786
0.305111
1.30443
0.366486
-1.19269
-0.353184
1.03262
-1.6113
-0.293942
1.35525
-0.240732
1.64284
2.96757
-0.587908
-0.867762
2.28893
-0.223213
0.1414
-0.23009
-4.08931
-0.36976
0.464485
2.48152
-0.0818812
1.64631
-1.81013
0.545131
-1.22355
-0.187378
-0.500204
-2.49171
-1.38753
-0.40841
-0.204326
-0.516033
-2.11873
-0.0650094
-0.417775
3.69435
0.154202
-0.118703
0.0651237
2.10837
4.64932
1.36251
0.354719
0.666613
-1.93517
2.79778
-1.30948
0.397213
0.645914
-0.512331
-1.85969
-0.901362
0.262546
0.505911
-1.69666
0.958628
1.13791
-0.620431
-0.359629
0.68883
-0.639447
-0.858609
0.126448
4.3141
3.67078
-1.8003
1.76238
-1.0224
-1.20323
-0.270753
0.585934
-1.07399
0.59386
-1.94145
-0.826891
-0.0878195
0.0929349
-0.653805
-1.36268
-0.999204
0.163867
-1.25642
1.51873
-1.7119
1.16408
-1.91202
-2.90891
1.44643
0.754896
-0.849244
4.72841
2.22469
-2.35861
-0.203735
-0.371799
-0.277079
-0.845737
-0.135813
0.495536
-1.35111
-0.0410756
1.45429
-0.375407
-1.22421
-0.646871
0.936964
1.10905
-1.02605
-0.393867
-0.976137
0.0648702
-0.161128
1.18662
-0.272411
-0.219103
-1.96001
-0.0221391
1.8646
0.458967
0.15275
-1.71449
0.163568
0.372927
0.461633
-1.16115
-1.13486
-1.5379
2.97452
-1.19525
0.352123
-1.05803
4.29858
-1.74198
0.166218
0.69432
-0.916615
0.453998
-3.69344
0.245999
-1.25892
-1.41668
-0.967239
-0.340433
0.473149
-1.88808
0.453452
-0.645691
1.39185
0.240624
-1.61959
-0.455161
0.853726
-0.179546
0.153749
-1.16646
1.49372
1.47308
-0.32669
1.6749
-1.94163
-0.93489
0.0944663
0.814284
-0.14034
-0.581132
0.866601
-1.19315
-2.23911
-0.404606
-0.368266
0.0738858
-1.57158
-0.589754
-0.180221
-1.73412
0.0213141
3.33891
-0.518364
-0.121208
-0.226411
-0.835595
-0.830525
-0.750579
-0.608294
-0.179995
-0.450969
2.08871
-0.118836
0.895971
-3.50613
-1.81966
0.790751
-0.243831
-0.543601
0.650168
0.865924
-1.34178
-2.26826
3.53884
-0.930686
-0.108593
-1.66791
-1.59969
0.510463
-1.10649
0.405783
-3.46043
-1.57465
0.119581
-1.0173
2.86435
-3.20376
-0.692499
2.73703
-0.482039
-0.547916
-0.423933
0.30347
-1.17728
0.671649
0.711349
-1.02952
1.01844
-0.24793
-0.982135
-1.93439
-0.106207
0.309313
-0.775192
0.701078
-0.533493
-0.430335
-0.742487
-0.650294
-0.878525
-1.10527
-2.50957
-1.76435
0.196456
-0.615024
-0.891897
-1.03975
0.0485647
0.234011
0.405829
-0.25168
-2.72405
0.465065
-2.5374
0.376984
1.39517
-0.870094
1.0689
1.44112
-1.11049
0.58083
-0.354099
-0.642833
-2.21989
-1.60331
-1.88589
0.462314
0.136738
-0.317004
0.774843
0.935111
1.18224
-1.56005
0.168949
-0.126701
-0.000767918
0.784961
0.291407
0.381987
-0.655034
-nan
0.750973
0.2408
1.52437
0.251378
1.25271
-0.545269
-0.532252
0.619443
-1.5993
-1.78659
-2.29938
-1.80059
0.211662
0.353568
-0.447947
0.864165
-1.01256
0.852778
-1.22809
-0.75193
0.176855
0.314698
-1.49865
-1.857
-2.09879
0.592718
-0.462429
-1.30543
1.08625
-0.0402912
-1.63691
-1.2899
-0.212129
-2.79324
-0.365973
-0.995783
-0.743527
0.462887
-1.2335
1.62928
1.45472
0.113243
-2.10501
-0.842671
0.333978
-0.306717
0.955583
1.84642
0.801333
0.550005
2.18664
-1.03303
-0.392654
0.498289
0.75016
2.59214
-0.737953
-0.339753
-0.26249
0.173221
-0.401509
-1.46093
-1.31213
-1.46867
0.729122
0.54893
-0.479135
-0.658453
1.50618
-0.704556
-1.2334
0.649578
0.681206
1.12118
1.0379
-0.750089
-1.30485
0.774276
0.536937
-0.358679
0.611396
0.129237
-0.395155
-0.967571
-1.53725
-1.81536
2.22214
3.09562
0.506525
-1.11335
0.0724148
-0.494379
1.54404
0.365075
0.123571
0.3795
-0.0996709
1.82893
-1.07458
0.491618
1.21404
3.73119
-0.616899
1.46134
1.08729
0.320819
-0.817837
-0.080078
-0.790622
-1.81506
-2.73338
1.08388
-0.591199
-0.0534494
-2.16915
0.737468
0.116958
-0.464056
-1.55741
-1.50021
0.473529
-0.749334
-0.112658
1.81222
-0.468948
1.06973
-0.0149293
-1.23895
1.16681
0.058282
-1.59599
-1.43445
-1.41887
0.130192
-2.03654
-0.287181
3.34444
0.132323
0.0290587
0.0933533
-2.02654
-1.22689
-2.1588
-0.100836
-1.13293
1.63298
-1.31877
0.228187
1.46302
-0.442821
1.00649
-1.06464
-0.337491
-0.868573
-0.0553173
0.275669
0.916037
-2.84552
-0.866396
0.351958
-0.496594
-3.31196
-3.10588
-0.781222
0.266477
-0.780962
0.533503
-0.885832
-0.994944
-0.144791
-0.888319
1.19609
0.559336
0.600498
-0.340653
-0.848883
0.668548
0.236438
1.07918
-0.745358
2.41142
0.484352
0.724711
-1.01369
1.59885
-0.403755
3.36419
-0.0335607
-2.09164
0.690265
-0.262691
-0.432748
-0.653082
2.70739
1.39106
1.93774
0.55479
-0.441217
-0.269071
1.86952
-2.6929
4.07482
-0.225019
2.43924
-0.816138
0.374669
-0.511978
-1.60183
-1.23545
-1.52833
1.74609
0.423471
3.04951
-0.938251
-0.279802
2.69092
3.41102
-0.0702695
0.849366
-1.9805
-1.44822
0.861858
-0.873208
0.51151
0.406154
0.653225
-0.126196
0.714976
-1.29235
-1.69053
2.95747
1.04666
3.5538
1.76886
1.13031
-0.562128
0.214868
-0.597351
0.937537
0.808085
0.718278
-1.01961
-0.944572
0.00903308
-1.36287
0.828529
-0.20148
0.289887
1.3544
-1.38302
-1.78899
0.295964
1.2022
-2.22391
-1.30285
0.389576
-0.354967
-0.565214
-0.082624
-0.79004
0.094302
0.873977
-0.873771
1.0915
0.221874
1.53901
-1.99238
-1.93528
-1.49852
0.161207
-0.367022
-0.730596
-1.06902
1.85388
3.26878
0.185336
-1.61755
0.537881
-0.967417
0.0816403
0.118232
-0.596956
3.09892
-0.122449
-0.187845
0.675096
2.7607
0.546109
-0.263323
-0.198163
-0.515928
-1.61336
-1.20413
-1.9815
-1.2757
-5.87757
0.954141
-0.202166
0.23858
-0.150815
-0.846639
-0.936365
-0.0589133
2.02874
-0.427956
1.16907
-1.53131
-2.32798
0.201469
1.34772
1.73668
-2.61202
0.132657
0.162174
0.496345
0.482792
-0.843625
-0.45004
-1.51182
-0.239853
-0.63657
-1.02438
-0.0734247
-1.59427
-0.252464
1.37527
-0.132551
-1.21878
-0.578901
0.934594
0.759829
-0.979898
0.582315
-0.775561
0.487992
0.746367
-2.8902
-1.59248
0.457967
-0.974051
-0.739134
-1.99041
-0.356712
0.476408
1.1892
-0.460909
-0.662073
-0.720231
0.359146
-2.55835
-0.0941841
-0.649425
-1.01822
0.331404
-0.400009
-0.332781
1.66687
-1.74317
3.20909
-0.562089
-0.31236
-1.18745
1.57102
-0.836605
0.344525
-2.28372
1.23605
0.923619
2.91953
-0.690426
-0.653948
-0.243599
-1.60692
-1.10563
-0.341634
0.0528935
-1.86393
2.88736
1.57375
-2.75912
-0.402471
-1.7911
0.0415843
-3.23467
0.125181
0.73361
1.46887
0.175234
2.48353
-0.380869
0.821709
0.431382
-0.404362
0.18769
0.814753
-0.17498
-0.38947
1.23044
2.88161
1.32573
-0.754973
-0.711146
-0.59844
0.144963
-0.166919
-0.0389873
0.627288
1.08594
-0.400286
0.754982
0.553062
-0.200752
-0.990573
-1.00031
-0.142133
2.63535
0.614588
1.3906
1.41228
1.17686
-1.81114
2.86321
0.186373
0.750941
1.44027
-2.11467
-1.97307
-0.683239
-0.554564
-3.10887
-0.119772
-0.19786
-0.241277
0.146246
-0.0710767
-3.12919
-0.601821
-2.64057
-3.30587
0.438963
-0.580076
-0.00900829
-0.789342
-0.930472
-2.09379
0.299795
-0.000985535
-1.72905
-1.10041
0.0125726
-1.47577
1.19625
-1.4701
0.0520436
1.26495
0.701807
-0.711598
-0.402704
0.213692
0.666614
-0.350328
0.702599
-0.286827
0.515105
-0.753598
-0.263893
-1.37281
-1.4088
-0.927684
2.66093
-1.43471
1.27022
0.831296
0.883496
-1.60891
-1.04786
1.44793
0.741915
-1.02882
-1.58746
0.331112
-0.019839
-1.31474
9.30723e-05
-1.50032
-2.41382
-1.73566
0.0207036
-0.22034
-1.4819
-0.0473205
1.00145
0.296145
0.251214
-1.56128
-1.24166
-0.877867
-2.78225
0.292292
-1.29954
3.71992
1.55687
-1.08438
3.06419
-0.175357
1.00922
0.141676
-1.05929
-0.0300067
1.2594
0.620237
-0.496952
1.32867
-0.511707
-1.42686
0.661572
-0.653741
0.829679
-0.0100677
-0.0533724
-1.44502
-0.480884
-0.38798
1.73641
2.01138
0.436961
-1.37783
-2.30611
-1.01821
0.233975
-1.25797
0.447176
-0.36239
0.45219
-0.483297
0.83101
-0.011855
3.03431
-2.2998
-0.156437
-1.0588
-3.87263
-0.260117
-0.423234
-0.168297
-0.404215
-0.548532
-1.47602
-1.05186
-4.24118
1.19838
-1.89908
-4.39458
0.523932
-0.0868952
-0.659365
0.697162
-0.265782
-2.22759
-1.13311
-0.523313
0.366814
-0.233702
0.481124
1.36613
0.873607
0.955375
-1.3409
1.63974
0.420535
0.227126
-0.653659
-1.7733
-0.457219
-0.95165
0.435373
0.743224
-0.473097
-1.60126
-0.154287
4.276
1.00085
-1.0802
-1.0423
0.703295
-0.122864
-1.43274
0.24867
0.645111
1.23701
-0.25327
-1.94719
-1.46309
-1.37176
0.124068
-0.0154046
0.301899
-0.207185
-1.36557
-0.689887
0.347143
-2.86146
1.9394
-0.235155
-1.37721
1.82746
-1.31339
0.0777749
0.0113764
0.839833
0.551212
0.133984
0.676649
-0.924948
0.849782
-0.127586
2.15539
0.82053
0.060713
1.69436
1.8448
-1.76185
0.855202
0.882457
-1.82568
-0.257454
0.317892
1.0002
0.0173577
2.09771
-2.21243
-0.804648
1.00961
1.938
0.276517
-1.22288
-0.871469
0.260529
-1.21351
-1.60382
-0.148321
-1.44289
0.305769
-0.418081
-1.36203
-0.209953
0.135916
0.445817
-2.22549
0.529095
-1.44152
0.736785
-0.761844
-0.678978
-2.21057
1.78269
-1.53304
-0.105105
0.250337
3.36438
-1.75356
-0.146529
-0.280635
-1.02045
1.08422
-0.453873
-0.0419424
-0.365792
2.91121
-0.931333
-2.32978
0.0135151
-0.0377322
1.12762
-0.820087
0.0477213
0.553079
1.01275
1.43007
4.73324
1.51312
0.147472
1.60723
1.35369
0.564513
1.67064
-2.00123
-1.07817
1.20936
-3.10548
-1.5317
0.978918
2.53297
-0.572287
0.749736
0.577691
-0.813138
-0.940268
-0.481875
-3.55014
0.06771
0.780153
1.15407
3.80116
-0.625321
-1.76774
-0.360563
0.1105
0.000476458
-0.517837
-1.67334
1.14798
-0.258676
-0.780297
0.214145
0.522841
0.424411
1.16227
0.478279
-2.80971
0.170864
-1.00517
-0.171181
1.32403
-0.511508
-1.77398
0.591898
-0.672286
-0.356373
-0.406163
1.9108
-2.69322
-0.570521
-0.449283
1.35547
0.350539
0.0939037
0.714858
0.751937
-1.24742
-0.538081
-0.916424
-0.347586
1.01536
-1.27035
1.75515
1.94799
-0.0580288
0.333075
0.154124
0.836535
-0.564762
-0.158781
-0.480446
-0.012328
-0.0426573
-0.127486
-2.38352
-1.64766
-0.232673
-1.15443
-1.29141
-0.558942
-0.756822
0.669669
-0.909591
-2.20076
0.0188699
0.678599
-4.94699
-0.504488
1.97249
-0.497214
0.375505
-1.5199
0.566939
2.76095
-2.55004
-1.61875
-1.13992
1.52035
0.554673
1.46943
1.21961
-1.36417
-0.460062
2.12022
1.90184
-0.048684
0.981837
-0.37019
3.63969
-0.855552
1.64023
0.378513
0.442204
1.53674
2.72714
1.02632
0.431513
7.30437
-0.893313
-1.84756
3.63679
-1.42617
-0.357413
3.33904
-1.4
3.12301
-0.5718
1.62573
3.34942
-1.63715
4.20066
-1.07487
-0.85684
-0.292019
-0.935666
-0.287912
0.810254
-1.19626
-0.760488
0.736242
-1.10378
1.97451
-1.51782
-0.98993
0.05283
-0.687653
-0.203753
-0.25808
-1.4951
-1.25464
2.23418
1.1476
-0.781007
0.681991
-1.16953
-2.7834
1.61704
-2.52953
1.48563
0.854702
1.18583
1.24076
-1.99563
-0.506579
0.96442
-1.77198
-0.938439
-1.32456
-2.71765
-0.63508
1.3765
-0.432487
-1.00436
0.714715
1.10461
-0.936515
1.26305
-0.760512
-3.24427
1.52405
0.238107
-1.03732
0.00932337
-0.796024
0.290614
2.54163
0.305547
0.426223
-0.857379
1.27746
0.512406
-0.667022
-1.14496
-1.5568
-1.22055
-0.992281
-0.176036
3.31982
-1.09832
-1.35709
4.31474
3.06149
4.13712
-1.16672
1.33664
1.896
-2.92036
-0.730667
0.291181
-0.896567
0.187174
-1.61431
0.661995
0.310785
-1.93279
0.128623
-0.518315
-0.162067
-0.785126
0.245409
-2.65924
-0.512252
0.118136
-0.572746
3.65767
-1.6723
-1.03466
-0.441895
-3.01152
-0.160814
1.22686
-0.0469993
-3.58754
2.86924
-0.994866
-0.138013
0.24488
0.166588
0.33987
-0.520333
4.39056
0.646953
-0.0138653
-0.377293
0.319138
-0.124349
-0.665786
3.79501
-1.21398
-1.92721
-0.452253
-0.0474132
0.017368
-0.171447
-0.677237
-0.372684
-1.12764
-1.27565
0.130889
-1.23332
0.423376
-0.493298
0.893613
0.113478
0.503522
1.08458
-1.09638
-0.278955
-0.799344
0.675534
-0.735652
2.40635
-1.41617
-0.973634
0.671819
-0.590076
-1.21457
0.0187404
3.51341
0.386324
-0.15253
-0.349275
-0.103574
-1.56283
-0.153268
2.55659
-1.28478
0.181409
-0.80041
0.0260404
-0.495923
-2.36094
0.277054
-0.408746
2.28031
-0.0262312
2.03067
-1.57236
-1.31985
-0.420828
-1.30159
0.537176
-1.33674
-1.87715
0.66993
-0.0990005
0.174865
-0.950312
-1.97802
-1.75704
-1.80787
1.84917
2.16116
2.57124
-1.46388
-0.0946434
2.70842
-1.59335
-1.34936
1.06026
-0.726862
-0.152422
0.171184
-1.43029
2.4695
-0.356323
0.665288
0.337999
-1.15674
3.03969
-0.445854
-2.16907
0.245482
-0.127461
-0.303967
2.29892
-0.520401
2.75609
2.36708
-1.11507
0.207384
-0.731697
-0.675905
2.95006
0.410316
-0.270544
-1.61281
2.18977
-1.91685
0.404834
4.77934
-1.05697
-0.455178
-2.3273
1.11173
0.170681
0.844234
1.12568
0.706769
0.633556
-0.851375
0.154325
4.47734
0.362224
0.481199
-1.63595
0.296574
0.0514756
-0.903392
-0.818917
5.4035
-1.4845
-0.477923
1.06564
-0.567303
0.66149
-2.41823
-0.137803
0.665277
-2.64893
-0.60538
4.60783
-0.577179
0.0392503
-0.365788
1.831
-1.70606
-1.46056
1.33423
-1.69528
-0.483435
1.62097
1.53729
-1.87225
0.07848
-0.259427
-0.236061
0.118604
0.106986
0.812774
0.579911
-0.769256
-0.930148
0.0552624
-0.445244
1.69929
1.67182
-0.639768
1.08111
-2.03284
-0.408166
-0.726574
-0.000598106
-0.27591
3.52717
0.565317
0.977266
0.443355
-0.44589
2.05141
-1.96281
0.165927
1.4127
-1.55762
1.72746
2.22
0.233944
-1.69373
-0.136517
0.399146
2.47871
-0.501912
-1.66589
-0.466932
-0.848302
-0.0236942
-2.16984
1.18805
-2.06401
0.64266
-0.558116
-0.0670849
-0.967074
-1.07244
0.011448
0.275254
0.22216
1.22343
-0.230557
3.14533
-1.85456
-0.624298
-0.0168619
-0.366161
-1.5397
-1.12234
-1.40483
-1.22329
0.690153
0.949963
0.688276
0.373092
-0.330858
-1.04174
-0.429776
-0.706686
0.130926
0.146732
0.476147
0.188617
-1.2242
0.343598
-2.41766
0.876014
-0.979991
-1.15033
0.0306618
0.0849249
-0.146815
-0.272927
0.0322788
-1.60063
-0.350763
-0.493873
-0.192442
-2.6383
0.664216
-0.0902627
3.29788
0.262731
-1.85011
-2.77105
0.179114
-0.379985
1.73431
-0.818185
1.78828
0.121751
-0.395098
1.21118
0.676721
-0.445412
-1.42345
-0.0755565
-1.22714
-2.64009
0.198165
0.699591
0.81452
-1.12727
-0.0237635
-0.236216
-1.79976
-2.06432
-0.123005
-0.527341
-0.692883
2.72271
2.48068
3.33015
0.643594
-0.905153
-0.230096
-0.189141
-0.0373794
-2.33868
1.19595
0.785308
0.0255324
-1.44177
0.24629
5.28662
-0.680155
-0.220956
-1.05943
0.485814
-2.35636
-0.552713
0.913968
1.94743
1.78501
-0.165045
-1.53167
-2.74164
0.599599
-0.855781
-0.454195
0.717554
-4.44532
-1.82515
0.824733
0.0401684
-0.251906
-0.517231
-1.18055
-0.859966
-2.20292
0.985264
1.76143
0.269696
0.018224
-1.93014
-0.659845
2.45252
0.270407
1.3187
-0.903908
4.05128
-2.02993
-0.0995106
-0.151684
1.27132
0.0139597
0.163045
2.66891
1.1103
-1.60853
0.357349
-0.780049
0.355814
0.725898
1.31184
5.67868
0.492256
0.850417
-0.894264
0.21548
2.3192
-1.78767
-5.20953
-1.37685
-2.87557
-0.903078
0.283757
0.740556
-1.25255
-3.51903
-0.0936126
0.127904
-1.62318
0.2958
0.374705
2.4914
-0.197569
-0.914461
0.0726058
-5.22563
-0.244174
-1.03437
-2.75421
-0.14047
0.038814
1.05173
1.09405
0.786262
2.86286
-0.504586
-0.0156777
-0.640617
3.84244
-3.70681
-1.93233
0.75832
0.683608
0.419728
2.0325
0.409065
0.512758
-1.55953
3.63065
-1.19981
-0.497131
-0.375452
0.807492
0.820337
-0.168706
-1.0158
2.58611
-0.105496
1.30575
1.48354
0.685486
-1.89327
0.575183
-0.0145359
-0.548693
-1.05298
-0.0653037
0.760184
-0.894084
2.05829
2.35634
2.33723
2.53535
-0.0399399
-0.939593
-0.66943
-0.0713212
0.40963
-0.0122669
-0.230143
-1.29912
0.916636
2.69898
-0.108224
-1.75569
0.841203
-0.946861
-2.4937
1.4646
1.06255
2.23617
0.397799
0.350276
0.194134
3.4233
2.73587
-1.00583
-1.40076
-1.79245
-0.166213
-0.544561
2.58077
-0.867357
-0.319145
-2.04989
1.11397
-1.51329
2.56241
1.60468
-1.56655
3.4243
0.347646
-0.935354
1.99352
0.00535567
0.222641
-0.748663
-0.264841
0.372742
-0.285746
-1.79354
1.85951
0.628364
-0.572249
-1.35106
-0.8285
4.88158
-0.654885
-3.16245
-0.716597
-0.467743
-0.732673
-1.01624
1.74679
0.509613
1.71825
-0.391671
0.832832
1.12024
-0.710746
1.06811
1.95184
-2.09746
-0.993308
-0.440678
0.452482
0.426272
0.904767
0.691153
-0.6934
0.438911
-3.38423
0.24443
-0.717355
-0.267922
-0.818274
1.41544
-0.422456
-1.15758
2.43861
-0.757192
0.776382
-1.39771
-1.77237
-0.923729
-0.624425
-1.88895
4.61426
2.82052
0.053118
-1.6643
2.05869
0.125703
-0.154804
1.86502
-2.42935
-1.06638
0.105373
-0.107409
3.56232
-0.986018
0.921831
0.249731
-1.81731
-1.54002
-0.5855
1.99647
-1.31662
-0.188691
-1.5581
-0.107401
0.858381
-0.57199
-0.578468
-2.24187
-0.0521942
1.9906
1.8527
0.312892
1.29381
-0.523341
-0.407309
2.47605
1.1753
-0.71028
-0.563555
0.51991
-0.00899159
0.562174
-0.0682703
1.22415
-0.406378
-0.687743
-1.35286
0.0874874
0.142691
-0.984335
-0.791396
3.25476
-0.803998
-1.1248
3.13714
-1.37341
-1.05089
1.51076
1.36839
0.318773
2.78068
-1.92922
2.42372
2.25206
0.746613
-1.48297
-1.50778
-0.822161
0.531093
-0.945457
0.101789
0.914748
-2.31349
-1.66992
-3.18076
0.447914
-0.291828
-1.98414
-1.89974
-0.392196
0.603715
-0.478166
3.17129
3.48269
-0.0475768
-3.03067
-1.1845
2.45219
1.06169
-1.60881
-2.89709
-0.533628
-0.407744
0.0624139
0.654369
-0.89745
-0.989766
-1.58151
-0.858822
1.59961
1.7336
-0.768373
-0.00632349
-1.60631
-1.18439
-0.735964
4.34116
-0.596666
0.310661
-1.0498
-1.20835
1.61878
0.189881
-0.127894
0.37451
-1.32929
0.717587
-0.142194
-2.84861
-1.55649
-1.07565
1.20115
-2.61786
1.58326
0.336149
1.61248
3.71112
-1.17301
1.20299
1.16117
4.76778
-1.57192
1.0536
-0.804882
-0.164474
1.14488
1.84299
1.9122
0.622232
-0.377873
2.13199
0.700544
-1.50524
-3.2787
3.90294
-0.561935
-0.275859
-0.506457
0.0867584
0.550467
0.785742
1.44836
4.19115
-0.523982
-1.13075
5.63936
0.91676
0.366926
2.07881
1.91031
-0.662926
6.20506
2.11887
0.61139
-0.3383
0.109629
0.119763
1.97683
0.306295
4.60917
2.60679
0.641439
0.891518
0.30911
-1.08543
4.57502
1.82268
0.254639
3.98592
4.18971
1.06506
-0.536839
0.44845
0.423838
1.49971
0.627956
-0.205435
-0.794166
0.608392
1.21833
-0.948163
1.24796
0.832365
-0.656492
-0.890277
-1.0322
-0.807261
0.353895
1.41927
0.234103
-0.80013
0.064954
1.41687
-0.711199
-2.12297
-0.119027
0.638854
0.0277273
1.84259
0.0891073
-0.0653117
-0.734788
3.06912
1.28083
1.97205
-2.04792
0.772745
-0.7104
0.048356
-0.188299
-0.692481
-1.75835
-1.07202
3.15646
0.458928
-0.831797
1.43123
-0.132813
1.63909
-1.11635
-0.459081
0.305985
2.07029
-0.755747
-0.337999
0.0205832
1.07815
-1.7059
0.482796
5.57894
-0.410262
2.44958
1.24018
2.41669
-1.82865
1.35652
-1.45054
-3.12277
0.244805
0.188757
-1.53292
-1.79308
-0.115097
-2.14938
2.15157
-1.53913
-1.42336
-1.28821
-2.94856
2.27456
-0.127637
-0.0441858
1.38618
0.837404
-1.43962
1.39719
-1.30072
-3.65543
2.6443
0.36726
-1.70549
-0.213979
2.01368
2.16026
0.449315
1.8678
1.07132
0.7391
3.79565
-1.24967
-0.668786
0.365864
0.806002
-1.21447
3.05127
2.19665
3.63409
1.32256
2.08849
0.569585
-0.28911
0.822599
-1.69697
-0.203917
0.753747
-0.181899
1.05686
-1.05778
0.221716
2.18361
-0.0558821
-0.406632
1.18216
-1.52031
5.46727
-2.0858
0.553853
-2.40102
-0.955683
1.97082
-1.61073
1.97927
0.771314
-0.0175321
-0.150285
0.397135
-0.499637
-1.55822
0.744869
1.69082
-1.07439
-1.40588
-0.83394
-0.726358
0.797256
0.671778
0.00236159
0.917819
-0.28161
0.718916
1.53346
-2.74703
0.33543
0.752308
-2.0972
1.03588
-0.0183973
-0.864343
-2.3945
-1.49786
-0.428593
-2.10574
0.906434
3.03498
-0.350576
-0.0580083
0.226934
-0.861089
-1.49917
-1.66717
1.66297
-0.154388
0.300885
2.38856
1.96182
0.17488
-0.0247917
0.0455289
1.40997
-0.355715
-0.093811
-0.134281
-0.467963
-0.268015
-0.785188
-1.93358
-0.786966
-0.382476
0.762263
-0.287694
0.491129
-2.67451
-0.102059
0.162101
-0.186131
-0.581376
-1.65137
2.67879
-1.86013
-1.03925
-0.38619
0.27983
2.14103
0.210525
2.13866
0.0835322
-1.69691
-1.81843
-1.94088
-0.507585
-1.43395
0.732149
-1.66623
0.700475
-1.1526
-0.898759
-3.57931
0.802552
-0.0356478
0.489641
2.0131
-0.272329
0.336149
-0.428461
3.1926
-0.802923
3.3488
1.66861
-1.49403
-1.34519
1.55609
1.1097
0
0
0
0
0
0
0
0
0
0
0
0
0
0
0
0
0
0
0
0
0
0
0
0
0
0
0
0
0
0
0
0
0
0
0
0
0
0
0
0
0
0
0
0
0
0
0
0
0
0
0
0
0
0
0
0
0
0
0
0
0
0
0
0
0
0
0
0
0
0
0
0
0
0
0
0
0
0
0
0
0
0
0
0
0
0
0
0
0
0
0
0
0
0
0
0
0
0
0
0
0
0
0
0
0
0
0
0
0
0
0
0
0
0
0
0
0
0
0
0
0
0
0
0
0
0
0
0
0
0
0
0
0
0
0
0
0
0
0
0
0
0
0
0
0
0
0
0
0
0
0
0
0
0
0
0
0
0
0
0
0
0
0
0
0
0
0
0
0
0
0
0
0
0
0
0
0
0
0
0
0
0
0
0
0
0
0
0
0
0
0
0
0
0
0
0
0
0
0
0
0
0
0
0
0
0
0
0
0
0
0
0
0
0
0
0
0
0
0
0
0
0
0
0
0
0
0
0
0
0
0
0
0
0
0
0
0
0
0
0
0
0
0
0
0
0
0
0
0
0
0
0
0
0
0
0
0
0
0
0
0
0
0
0
0
0
0
0
0
0
0
0
0
0
0
0
0
0
0
0
0
0
0
0
0
0
0
0
0
0
0
0
0
0
0
0
0
0
0
0
0
0
0
0
0
0
0
0
0
0
0
0
0
0
0
0
0
0
0
0
0
0
0
0
0
0
0
0
0
0
0
0
0
0
0
0
0
0
0
0
0
0
0
0
0
0
0
0
0
0
0
0
0
0
0
0
0
0
0
0
0
0
0
0
0
0
0
0
0
0
0
0
0
0
0
0
0
0
0
0
0
0
0
0
0
0
0
0
0
0
0
0
0
0
0
0
0
0
0
0
0
0
0
0
0
0
0
0
0
0
0
0
0
0
0
0
0
0
0
0
0
0
0
0
0
0
0
0
0
0
0
0
0
0
0
0
0
0
0
0
0
0
0
0
0
0
0
0
0
0
0
0
0
0
0
0
0
0
0
0
0
0
0
0
0
0
0
0
0
0
0
0
0
0
0
0
0
0
0
0
0
0
0
0
0
0
0
0
0
0
0
0
0
0
0
0
0
0
0
0
0
0
0
0
0
0
0
0
0
0
0
0
0
0
0
0
0
0
0
0
0
0
0
0
0
0
0
0
0
0
0
0
0
0
0
0
0
0
0
0
0
0
0
0
0
0
0
0
0
0
0
0
0
0
0
0
0
0
0
0
0
0
0
0
0
0
0
0
0
0
0
0
0
0
0
0
0
0
0
0
0
0
0
0
0
0
0
0
0
0
0
0
0
0
0
0
0
0
0
0
0
0
0
0
0
0
0
0
0
0
0
0
0
0
0
0
0
0
0
0
0
0
0
0
0
0
0
0
0
0
0
0
0
0
0
0
0
0
0
0
0
0
0
0
0
0
0
0
0
0
0
0
0
0
0
0
0
0
0
0
0
0
0
0
0
0
0
0
0
0
0
0
0
0
0
0
0
0
0
0
0
0
0
0
0
0
0
0
0
0
0
0
0
0
0
0
0
0
0
0
0
0
0
0
0
0
0
0
0
0
0
0
0
0
0
0
0
0
0
0
0
0
0
0
0
0
0
0
0
0
0
0
0
0
0
0
0
0
0
0
0
0
0
0
0
0
0
0
0
0
0
0
0
0
0
0
0
0
0
0
0
0
0
0
0
0
0
0
0
0
0
0
0
0
0
0
0
0
0
0
0
0
0
0
0
0
0
0
0
0
0
0
0
0
0
0
0
0
0
0
0
0
0
0
0
0
0
0
0
0
0
0
0
0
0
0
0
0
0
0
0
0
0
0
0
0
0
0
0
0
0
0
0
0
0
0
0
0
0
0
0
0
0
0
0
0
0
0
0
0
0
0
0
0
0
0
0
0
0
0
0
0
0
0
0
0
0
0
0
0
0
0
0
0
0
0
0
0
0
0
0
0
0
0
0
0
0
0
0
0
0
0
0
0
0
0
0
0
0
0
0
0
0
0
0
0
0
0
0
0
0
0
0
0
0
0
0
0
0
0
0
0
0
0
0
0
0
0
0
0
0
0
0
0
0
0
0
0
0
0
0
0
0
0
0
0
0
0
0
0
0
0
0
0
0
0
0
0
0
0
0
0
0
0
0
0
0
0
0
0
0
0
0
0
0
0
0
0
0
0
0
0
0
0
0
0
0
0
0
0
0
0
0
0
0
0
0
0
0
0
0
0
0
0
0
0
0
0
0
0
0
0
0
0
0
0
0
0
0
0
0
0
0
0
0
0
0
0
0
0
0
0
0
0
0
0
0
0
0
0
0
0
0
0
0
0
0
0
0
0
0
0
0
0
0
0
0
0
0
0
0
0
0
0
0
0
0
0
0
0
0
0
0
0
0
0
0
0
0
0
0
0
0
0
0
0
0
0
0
0
0
0
0
0
0
0
0
0
0
0
0
0
0
0
0
0
0
0
0
0
0
0
0
0
0
0
0
0
0
0
0
0
0
0
0
0
0
0
0
0
0
0
0
0
0
0
0
0
0
0
0
0
0
0
0
0
0
0
0
0
0
0
0
0
0
0
0
0
0
0
0
0
0
0
0
0
0
0
0
0
0
0
0
0
0
0
0
0
0
0
0
0
0
0
0
0
0
0
0
0
0
0
0
0
0
0
0
0
0
0
0
0
0
0
0
0
0
0
0
0
0
0
0
0
0
0
0
0
0
0
0
0
0
0
0
0
0
0
0
0
0
0
0
0
0
0
0
0
0
0
0
0
0
0
0
0
0
0
0
0
0
0
0
0
0
0
0
0
0
0
0
0
0
0
0
0
0
0
0
0
0
0
0
0
0
0
0
0
0
0
0
0
0
0
0
0
0
0
0
0
0
0
0
0
0
0
0
0
0
0
0
0
0
0
0
0
0
0
0
0
0
0
0
0
0
0
0
0
0
0
0
0
0
0
0
0
0
0
0
0
0
0
0
0
0
0
0
0
0
0
0
0
0
0
0
0
0
0
0
0
0
0
0
0
0
0
0
0
0
0
0
0
0
0
0
0
0
0
0
0
0
0
0
0
0
0
0
0
0
0
0
0
0
0
0
0
0
0
0
0
0
0
0
0
0
0
0
0
0
0
0
0
0
0
0
0
0
0
0
0
0
0
0
0
0
0
0
0
0
0
0
0
0
0
0
0
0
0
0
0
0
0
0
0
0
0
0
0
0
0
0
0
0
0
0
0
0
0
0
0
0
0
0
0
0
0
0
0
0
0
0
0
0
0
0
0
0
0
0
0
0
0
0
0
0
0
0
0
0
0
0
0
0
0
0
0
0
0
0
0
0
0
0
0
0
0
0
0
0
0
0
0
0
0
0
0
0
0
0
0
0
0
0
0
0
0
0
0
0
0
0
0
0
0
0
0
0
0
0
0
0
0
0
0
0
0
0
0
0
0
0
0
0
0
0
0
0
0
0
0
0
0
0
0
0
0
0
0
0
0
0
0
0
0
0
0
0
0
0
0
0
0
0
0
0
0
0
0
0
0
0
0
0
0
0
0
0
0
0
0
0
0
0
0
0
0
0
0
0
0
0
0
0
0
0
6.93896e-310
4.24399e-313
4.74069e-307
3.64676e+287
5.21742e-134
1.02498e-313
2.122e-314
2.76212e-317
4.24399e-314
0
0
0
1.4822e-323
0
6.95278e-310
6.93896e-310
6.93896e-310
1.97626e-323
6.95278e-310
6.95278e-310
6.93896e-310
0
7.48766e-319
7.41415e-319
7.41415e-319
0
4.94066e-324
7.48766e-319
7.42695e-318
7.41555e-318
7.41555e-318
7.48766e-319
2.47033e-323
7.42695e-318
8.90425e-318
8.8926e-318
8.8926e-318
7.42695e-318
4.94066e-324
8.92449e-318
9.04591e-318
9.03223e-318
9.11259e-318
8.90425e-318
1.4822e-323
0
0
0
0
0
0
0
0
0
0
0
0
0
0
0
0
0
0
0
0
0
0
0
0
0
0
0
0
0
0
0
0
0
0
0
0
0
0
0
0
0
0
0
0
0
0
0
0
0
0
0
0
0
6.95278e-310
6.93896e-310
6.95278e-310
6.93896e-310
6.93896e-310
1.97626e-323
6.95278e-310
6.95278e-310
6.93896e-310
0
4.04739e-320
3.93672e-320
3.93672e-320
0
4.94066e-324
4.04739e-320
1.41659e-319
1.25675e-319
1.25675e-319
4.04739e-320
2.47033e-323
1.41659e-319
1.82132e-319
1.76856e-319
1.76856e-319
1.41659e-319
4.94066e-324
2.02369e-319
2.42843e-319
2.22705e-319
2.2316e-319
1.82132e-319
1.4822e-323
2.02369e-319
1.4822e-323
1.21422e-319
6.93893e-310
9.9161e-319
6.93896e-310
1.2475e-318
1.2475e-318
9.9161e-319
6.93896e-310
1.27493e-318
1.3154e-318
1.29809e-318
0
0
6.93896e-310
1.08066e-317
6.93896e-310
6.93896e-310
1.08694e-322
6.93896e-310
6.4077e-315
6.95278e-310
0
6.95278e-310
6.93896e-310
9.28373e-315
6.95278e-310
6.93896e-310
6.93896e-310
9.28373e-315
6.95278e-310
6.72242e-314
6.93896e-310
1.97626e-323
6.95278e-310
0
7.04966e-317
2.96439e-323
6.93896e-310
7.72738e-319
1.01283e-320
2.2316e-319
6.93896e-310
6.93896e-310
6.93896e-310
6.95278e-310
6.95278e-310
1.01283e-320
7.72738e-319
4.94066e-324
1.64331e-319
0
0
2.10907e-319
2.02369e-320
4.34778e-322
7.77749e-315
1.84764e-315
7.72571e-315
0
7.73692e-315
1.14447e-315
0
0
0
6.95278e-310
0
6.93896e-310
6.93896e-310
6.93896e-310
6.93896e-310
0
6.93896e-310
2.122e-314
0
6.95272e-310
0
2.122e-314
0
0
6.42285e-323
6.93896e-310
6.93896e-310
0
0
6.93896e-310
6.93896e-310
6.93896e-310
6.95278e-310
4.11063e-321
1.39615e-309
0
2.124e-314
4.0632e-320
3.16202e-322
2.03634e-319
1.3351e-307
3.05953e-308
8.48798e-314
0
0
0
3.93672e-320
3.93672e-320
2.02369e-320
1.061e-313
4.04739e-320
4.04739e-320
4.04739e-320
8.52016e-320
8.52016e-320
2.02369e-320
8.48798e-314
1.41659e-319
1.41659e-319
1.41659e-319
3.51972e-320
3.51972e-320
2.02369e-320
1.2732e-313
1.96599e-319
2.16836e-319
2.16836e-319
5.8695e-321
6.32404e-321
2.02369e-320
1.2732e-313
1.96994e-319
2.17231e-319
2.17231e-319
2.21341e-321
2.21341e-321
3.95253e-323
8.48798e-314
2.80629e-321
2.80629e-321
2.80629e-321
1.77864e-322
1.77864e-322
1.97626e-323
9.32067e-314
1.54208e-319
1.54208e-319
1.54208e-319
3.69561e-321
3.69561e-321
1.97626e-323
1.35647e-313
0
0
0
0
0
7.90505e-323
9.32067e-314
1.96599e-319
2.16836e-319
2.16836e-319
5.77069e-321
5.77069e-321
4.94066e-324
4.24399e-313
4.74069e-307
-2.43217e+143
3.5487e+135
1.43741e-314
8.70018e-313
1.9098e-313
-4.61958e+19
-5.17454e-116
5.10193e-75
5.53562e-222
1.61882e-86
2.61001e-259
-1.03847e-300
2.39487e-298
2.02567e-322
9.12458e-313
9.54898e-313
2.2727e-322
9.97338e-313
0
2.37152e-322
2.47033e-322
2.51973e-322
1.14588e-312
0
1.1671e-312
0
0
1.18832e-312
1.20954e-312
6.95278e-310
6.95278e-310
0
6.95278e-310
6.93896e-310
6.93896e-310
6.93896e-310
6.93896e-310
6.93896e-310
0
6.95278e-310
6.93896e-310
6.95278e-310
0
6.95278e-310
6.95278e-310
6.93896e-310
1.39069e-309
1.39069e-309
1.39069e-309
1.39069e-309
6.93893e-310
6.93896e-310
-nan
6.95278e-310
0
6.93896e-310
8.39912e-323
3.60739e-313
4.94066e-323
6.95278e-310
-nan
4.94066e-323
8.39912e-323
6.93896e-310
5.92404e-304
6.95278e-310
6.93896e-310
9.38725e-323
0
0
9.38725e-323
6.93896e-310
6.95278e-310
6.93896e-310
4.94066e-324
6.93896e-310
0
6.93896e-310
4.94066e-324
6.93896e-310
6.95278e-310
6.93896e-310
4.94066e-324
6.93896e-310
6.95278e-310
6.93896e-310
4.94066e-324
6.93896e-310
6.95278e-310
6.93896e-310
4.94066e-324
6.93896e-310
6.95278e-310
6.93896e-310
4.94066e-324
6.93896e-310
6.95278e-310
6.93896e-310
4.94066e-324
6.93896e-310
6.95278e-310
6.93896e-310
4.94066e-324
6.93896e-310
6.95278e-310
6.93896e-310
4.94066e-324
6.93896e-310
6.95278e-310
6.93896e-310
4.94066e-324
6.93896e-310
3.95253e-323
6.93896e-310
4.94066e-324
6.93896e-310
6.95278e-310
6.95278e-310
6.93896e-310
6.95278e-310
6.93896e-310
6.93896e-310
4.94066e-324
6.15379e-313
4.94066e-324
0
0
6.93893e-310
-nan
0
0
6.93893e-310
0
6.93893e-310
4.94066e-324
4.94066e-324
1.4822e-322
4.94066e-324
6.93896e-310
1.69563e-320
6.93896e-310
2.96439e-323
4.94066e-324
6.93896e-310
6.95278e-310
6.93896e-310
4.94066e-324
6.93896e-310
6.95278e-310
0
0
0
0
0
0
6.95278e-310
6.95278e-310
1.01856e-312
6.95278e-310
6.95278e-310
4.03179e-313
0
0
0
6.93896e-310
6.95278e-310
6.95278e-310
0
6.93896e-310
9.88131e-324
0
0
0
0
6.93896e-310
0
6.93896e-310
6.93896e-310
6.93896e-310
0
6.95278e-310
5.05923e-321
6.93896e-310
6.93896e-310
0
6.93896e-310
0
6.93896e-310
3.58628e-315
6.93896e-310
4.94066e-324
4.68282e-310
6.93896e-310
6.93896e-310
4.23414e-321
6.93896e-310
6.93896e-310
6.95278e-310
6.95278e-310
6.93896e-310
6.93896e-310
6.93893e-310
6.93896e-310
6.93896e-310
4.68282e-310
3.58628e-315
5.60356e-317
6.95278e-310
6.93893e-310
6.95278e-310
4.68282e-310
6.95278e-310
6.93896e-310
9.38725e-323
3.26943e-316
0
2.52962e-321
3.58628e-315
0
4.68282e-310
6.93896e-310
6.95278e-310
6.95278e-310
6.93896e-310
3.45846e-323
6.93896e-310
4.94066e-324
0
4.94066e-324
6.93896e-310
6.95278e-310
6.93896e-310
6.93896e-310
2.122e-314
6.93896e-310
0
4.94066e-324
6.93896e-310
2.122e-314
0
6.93896e-310
6.93896e-310
6.93896e-310
0
0
6.93896e-310
2.122e-314
6.95278e-310
6.93896e-310
4.68282e-310
6.95278e-310
4.94066e-324
6.95278e-310
6.95278e-310
4.68282e-310
6.93896e-310
4.94066e-324
0
6.95278e-310
6.93896e-310
6.95278e-310
6.93896e-310
6.93896e-310
3.32012e-321
4.68282e-310
4.68282e-310
6.93896e-310
4.68282e-310
6.93896e-310
6.93896e-310
6.93896e-310
3.47822e-321
3.63632e-321
4.17199e-309
6.93896e-310
4.68282e-310
6.93896e-310
3.45846e-323
1.061e-313
6.93896e-310
6.93896e-310
4.17199e-309
0
6.93896e-310
6.95278e-310
6.95278e-310
1.78121e-77
-3.99009e-265
0
0
0
0
4.27256e+180
2.24671e-317
0
0
0
0
3.8821e-265
3.8821e-265
0
0
0
0
0
0
5.02311e+98
9.39902e+218
0
0
0
0
0
0
0
0
0
0
0
0
0
0
0
0
0
0
0
0
0
0
6.93896e-310
6.93896e-310
6.93896e-310
6.93896e-310
9.88131e-324
-2.96439e-323
0
0
0
0
0
0
9.88131e-324
-2.96439e-323
0
0
0
0
0
0
3.98935e-312
6.93896e-310
6.93896e-310
6.93896e-310
0
0
4.91544e-315
6.93896e-310
5.13828e-321
5.13334e-321
6.93893e-310
6.93896e-310
6.93896e-310
7.90505e-323
1.35808e-312
9.88131e-324
2.63127e-312
0
0
6.93896e-310
4.68282e-310
6.93896e-310
6.95278e-310
4.94066e-324
6.95278e-310
4.94066e-324
0
6.92296e-310
6.92296e-310
4.67909e-310
4.67909e-310
4.67909e-310
4.67909e-310
4.67909e-310
4.67909e-310
6.92296e-310
1.18576e-322
4.67909e-310
2.0899e-321
2.0899e-321
0
6.92296e-310
2.96439e-323
0
2.02468e-320
2.96439e-323
0
0
0
0
0
0
0
0
0
0
0
0
0
0
0
0
0
0
0
3.95253e-323
6.95289e-310
6.92296e-310
0
0
6.95289e-310
6.92296e-310
6.92296e-310
6.92296e-310
0
0
0
0
0
0
0
0
0
0
0
0
0
0
0
0
0
0
0
0
0
0
0
0
0
0
0
0
0
0
0
0
0
0
0
0
0
0
0
0
0
0
0
0
0
0
0
0
0
0
0
0
0
0
0
0
0
0
0
0
0
0
0
0
0
0
0
0
0
0
0
0
0
0
0
0
0
0
0
0
0
0
0
0
0
0
0
0
0
0
0
0
0
0
0
0
0
0
0
0
0
0
0
0
0
0
0
0
0
0
0
0
0
0
0
0
0
0
0
0
0
0
0
0
0
0
0
0
0
0
0
0
0
0
0
0
0
0
0
0
0
0
0
0
0
0
0
0
0
0
0
0
0
0
0
0
0
0
0
0
0
0
0
0
0
0
0
0
0
0
0
0
0
0
0
0
0
0
0
0
0
0
0
0
0
0
0
0
0
0
0
0
0
0
0
0
0
0
0
0
0
0
0
0
0
0
0
0
0
0
0
0
0
0
0
0
0
0
0
0
0
0
0
0
0
0
0
0
0
0
0
0
0
0
0
0
0
0
0
0
0
0
0
0
0
0
0
0
0
0
0
0
0
0
0
0
0
0
0
0
0
0
0
0
0
0
0
0
0
0
0
0
0
0
0
0
0
0
0
0
0
0
0
0
0
0
0
0
0
0
0
0
0
0
0
0
0
0
0
0
0
0
0
0
0
0
0
0
0
0
0
0
0
0
0
0
0
0
0
0
0
0
0
0
0
0
0
0
0
0
0
0
0
0
0
0
0
0
0
0
0
0
0
0
0
0
0
0
0
0
0
0
0
0
0
0
0
0
0
0
0
0
0
0
0
0
0
0
0
0
0
0
0
0
0
0
0
0
0
0
0
0
0
0
0
0
0
0
0
0
0
0
0
0
0
0
0
0
0
0
0
0
0
0
0
0
0
0
0
0
0
0
0
0
0
0
0
0
0
0
0
0
0
0
0
0
0
0
0
0
0
0
0
0
0
0
0
0
0
0
0
0
0
0
0
0
0
0
0
0
0
0
0
0
0
0
0
0
0
0
0
0
0
0
0
0
0
0
0
0
0
0
0
0
0
0
0
0
0
0
0
0
0
0
0
0
0
0
0
0
0
0
0
0
0
0
0
0
0
0
0
0
0
0
0
0
0
0
0
0
0
0
0
0
0
0
0
0
0
0
0
0
0
0
0
0
0
0
0
0
0
0
0
0
0
0
0
0
0
0
0
0
0
0
0
0
0
0
0
0
0
0
0
0
0
0
0
0
0
0
0
0
0
0
0
0
0
0
0
0
0
0
0
0
0
0
0
0
0
0
0
0
0
0
0
0
0
0
0
0
0
0
0
0
0
0
0
0
0
0
0
0
0
0
0
0
0
0
0
0
0
0
0
0
0
0
0
0
0
0
0
0
0
0
0
0
0
0
0
0
0
0
0
0
0
0
0
0
0
0
0
0
0
0
0
0
0
0
0
0
0
0
0
0
0
0
0
0
0
0
0
0
0
0
0
0
0
0
0
0
0
0
0
0
0
0
0
0
0
0
0
0
0
0
0
0
0
0
0
0
0
0
0
0
0
0
0
0
0
0
0
0
0
0
0
0
0
0
0
0
0
0
0
0
0
0
0
0
0
0
0
0
0
0
0
0
0
0
0
0
0
0
0
0
0
0
0
0
0
0
0
0
0
0
0
0
0
0
0
0
0
0
0
0
0
0
0
0
0
0
0
0
0
0
0
0
0
0
0
0
0
0
0
0
0
0
0
0
0
0
0
0
0
0
0
0
0
0
0
0
0
0
0
0
0
0
0
0
0
0
0
0
0
0
0
0
0
0
0
0
0
0
0
0
0
0
0
0
0
0
0
0
0
0
0
0
0
0
0
0
0
0
0
0
0
0
0
0
0
0
0
0
0
0
0
0
0
0
0
0
0
0
0
0
0
0
0
0
0
0
0
0
0
0
0
0
0
0
0
0
0
0
0
0
0
0
0
0
0
0
0
0
0
0
0
0
0
0
0
0
0
0
0
0
0
0
0
0
0
0
0
0
0
0
0
0
0
0
0
0
0
0
0
0
0
0
0
0
0
0
0
0
0
0
0
0
0
0
0
0
0
0
0
0
0
0
0
0
0
0
0
0
0
0
0
0
0
0
0
0
0
0
0
0
0
0
0
0
0
0
0
0
0
0
0
0
0
0
0
0
0
0
0
0
0
0
0
0
0
0
0
0
0
0
0
0
0
0
0
0
0
0
0
0
0
0
0
0
0
0
0
0
0
0
0
0
0
0
0
0
0
0
0
0
0
0
0
0
0
0
0
0
0
0
0
0
0
0
0
0
0
0
0
0
0
0
0
0
0
0
0
0
0
0
0
0
0
0
0
0
0
0
0
0
0
0
0
0
0
0
0
0
0
0
0
0
0
0
0
0
0
0
0
0
0
0
0
0
0
0
0
0
0
0
0
0
0
0
0
0
0
0
0
0
0
0
0
0
0
0
0
0
0
0
0
0
0
0
0
0
0
0
0
0
0
0
0
0
0
0
0
0
0
0
0
0
0
0
0
0
0
0
0
0
0
0
0
0
0
0
0
0
0
0
0
0
0
0
0
0
0
0
0
0
0
0
0
0
0
0
0
0
0
0
0
0
0
0
0
0
0
0
0
0
0
0
0
0
0
0
0
0
0
0
0
0
0
0
0
0
0
0
0
0
0
0
0
0
0
0
0
0
0
0
0
0
0
0
0
0
0
0
0
0
0
0
0
0
0
0
0
0
0
0
0
0
0
0
0
0
0
0
0
0
0
0
0
0
0
0
0
0
0
0
0
0
0
0
0
0
0
0
0
0
0
0
0
0
0
0
0
0
0
0
0
0
0
0
0
0
0
0
0
0
0
0
0
0
0
0
0
0
0
0
0
0
0
0
0
0
0
0
0
0
0
0
0
0
0
0
0
0
0
0
0
0
0
0
0
0
0
0
0
0
0
0
0
0
0
0
0
0
0
0
0
0
0
0
0
0
0
0
0
0
0
0
0
0
0
0
0
0
0
0
0
0
0
0
0
0
0
0
0
0
0
0
0
0
0
0
0
0
0
0
0
0
0
0
0
0
0
0
0
0
0
0
0
0
0
0
0
0
0
0
0
0
0
0
0
0
0
0
0
0
0
0
0
0
0
0
0
0
0
0
0
0
0
0
0
0
0
0
0
0
0
0
0
0
0
0
0
0
0
0
0
0
0
0
0
0
0
0
0
0
0
0
0
0
0
0
0
0
0
0
0
0
0
0
0
0
0
0
0
0
0
0
0
0
0
0
0
0
0
0
0
0
0
0
0
0
0
0
0
0
0
0
0
0
0
0
0
0
0
0
0
0
0
0
0
0
0
0
0
0
0
0
0
0
0
0
0
0
0
0
0
0
0
0
0
0
0
0
0
0
0
0
0
0
0
0
0
0
0
0
0
0
0
0
0
0
0
0
0
0
0
0
0
0
0
0
0
0
0
0
0
0
0
0
0
0
0
0
0
0
0
0
0
0
0
0
0
0
0
0
0
0
0
0
0
0
0
0
0
0
0
0
0
0
0
0
0
0
0
0
0
0
0
0
0
0
0
0
0
0
0
0
0
0
0
0
0
0
0
0
0
0
0
0
0
0
0
0
0
0
0
0
0
0
0
0
0
0
0
0
0
0
0
0
0
0
0
0
0
0
0
0
0
0
0
0
0
0
0
0
0
0
0
0
0
0
0
0
0
0
0
0
0
0
0
0
0
0
0
0
0
0
0
0
0
0
0
0
0
0
0
0
0
0
0
0
0
0
0
0
0
0
0
0
0
0
0
0
0
0
0
0
0
0
0
0
0
0
0
0
0
0
0
0
0
0
0
0
0
0
0
0
0
0
0
0
0
0
0
0
0
0
0
0
0
0
0
0
0
0
0
0
0
0
0
0
0
0
0
0
0
0
0
0
0
0
0
0
0
0
0
0
0
0
0
0
0
0
0
0
0
0
0
0
0
0
0
0
0
0
0
0
0
0
0
0
0
0
0
0
0
0
0
0
0
0
0
0
0
0
0
0
0
0
0
0
0
0
0
0
0
0
0
0
0
0
0
0
0
0
0
0
0
0
0
0
0
0
0
0
0
0
0
0
0
0
0
0
0
0
0
0
0
0
0
0
0
0
0
0
0
0
0
0
0
0
0
0
0
0
0
0
0
0
0
0
0
0
0
0
0
0
0
0
0
0
0
0
0
0
0
0
0
0
0
0
0
0
0
0
0
0
0
0
0
0
0
0
0
0
0
0
0
0
0
0
0
0
0
0
0
0
0
0
0
0
0
0
0
0
0
0
0
0
0
0
0
0
0
0
0
0
0
0
0
0
0
0
0
0
0
0
0
0
0
0
0
0
0
0
0
0
0
0
0
0
0
0
0
0
0
0
0
0
0
0
0
0
0
0
0
0
0
0
0
0
0
0
0
0
0
0
0
0
0
0
0
0
0
0
0
0
0
0
0
0
0
0
0
0
0
0
0
0
0
0
0
0
0
0
0
0
0
0
0
0
0
0
0
0
0
0
0
0
0
0
0
0
0
0
0
0
0
0
0
0
0
0
0
0
0
0
0
0
0
0
0
0
0
0
0
0
0
0
0
0
0
0
0
0
0
0
0
0
0
0
0
0
0
0
0
0
0
0
0
0
0
0
0
0
0
0
0
0
0
0
0
0
0
0
0
0
0
0
0
0
0
0
0
0
0
0
0
0
0
0
0
0
0
0
0
0
0
0
0
0
0
0
0
0
0
0
0
0
0
0
0
0
0
0
0
0
0
0
0
0
0
0
0
0
0
0
0
0
0
0
0
0
0
0
0
0
0
0
0
0
0
0
0
0
0
0
0
0
0
0
0
0
0
0
0
0
0
0
0
0
0
0
0
0
0
0
0
0
0
0
0
0
0
0
0
0
0
0
0
0
0
0
0
0
0
0
0
0
0
0
0
0
0
0
0
0
0
0
0
0
0
0
0
0
0
0
0
0
0
0
0
0
0
0
0
0
0
0
0
0
0
0
0
0
0
0
0
0
0
0
0
0
0
0
0
0
0
0
0
0
0
0
0
0
0
0
0
0
0
0
0
0
0
0
0
0
0
0
0
0
0
0
0
0
0
0
0
0
0
0
0
0
0
0
0
0
0
0
0
0
0
0
0
0
0
0
0
0
0
0
0
0
0
0
0
0
0
0
0
0
0
0
0
0
0
0
0
0
0
0
0
0
0
0
0
0
0
0
0
0
0
0
0
0
0
0
0
0
0
0
0
0
0
0
0
0
0
0
0
0
0
0
0
0
0
0
0
0
0
0
0
0
0
0
0
0
0
0
0
0
0
0
0
0
0
0
0
0
0
0
0
0
0
0
0
0
0
0
0
0
0
0
0
0
0
0
0
0
0
0
0
0
0
0
0
0
0
0
0
0
0
0
0
0
0
0
0
0
0
0
0
0
0
0
0
0
0
0
0
0
0
0
0
0
0
0
0
0
0
0
0
0
0
0
0
0
0
0
0
0
0
0
0
0
0
0
0
0
0
0
0
0
0
0
0
0
0
0
0
0
0
0
0
0
0
0
0
0
0
0
0
0
0
0
0
0
0
0
0
0
0
0
0
0
0
0
0
0
0
0
0
0
0
0
0
0
0
0
0
0
0
0
0
0
0
0
0
0
0
0
0
0
0
0
0
0
0
0
0
0
0
0
0
0
0
0
0
0
0
0
0
0
0
0
0
0
0
0
0
0
0
0
0
0
0
0
0
0
0
0
0
0
0
0
0
0
0
0
0
0
0
0
0
0
0
0
0
0
0
0
0
0
0
0
0
0
0
0
0
0
0
0
0
0
0
0
0
0
0
0
0
0
0
0
0
0
0
0
0
0
0
0
0
0
0
0
0
0
0
0
0
0
0
0
0
0
0
0
0
0
0
0
0
0
0
0
0
0
0
0
0
0
0
0
0
0
0
0
0
0
0
0
0
0
0
0
0
0
0
0
0
0
0
0
0
0
0
0
0
0
0
0
0
0
0
0
0
0
0
0
0
0
0
0
0
0
0
0
0
0
0
0
0
0
0
0
0
0
0
0
0
0
0
0
0
0
0
0
0
0
0
0
0
0
0
0
0
0
0
0
0
0
0
0
0
0
0
0
0
0
0
0
0
0
0
0
0
0
0
0
0
0
0
0
0
0
0
0
0
0
0
0
0
0
0
0
0
0
0
0
0
0
0
0
0
0
0
0
0
0
0
0
0
0
0
0
0
0
0
0
0
0
0
0
0
0
0
0
0
0
0
0
0
0
0
0
0
0
0
0
0
0
0
0
0
0
0
0
0
0
0
0
0
0
0
0
0
0
0
0
0
0
0
0
0
0
0
0
0
0
0
0
0
0
0
0
0
0
0
0
0
0
0
0
0
0
0
0
0
0
0
0
0
0
0
0
0
0
0
0
0
0
0
0
0
0
0
0
0
0
0
0
0
0
0
0
0
0
0
0
0
0
0
0
0
0
0
0
0
0
0
0
0
0
0
0
0
0
0
0
0
0
0
0
0
0
0
0
0
0
0
0
0
0
0
0
0
0
0
0
0
0
0
0
0
0
0
0
0
0
0
0
0
0
0
0
0
0
0
0
0
0
0
0
0
0
0
0
0
0
0
0
0
0
0
0
0
0
0
0
0
0
0
0
0
0
0
0
0
0
0
0
0
0
0
0
0
0
0
0
0
0
0
0
0
0
0
0
0
0
0
0
0
0
0
0
0
0
0
0
0
0
0
0
0
0
0
0
0
0
0
0
0
0
0
0
0
0
0
0
0
0
0
0
0
0
0
0
0
0
0
0
0
0
0
0
0
0
0
0
0
0
0
0
0
0
0
0
0
0
0
0
0
0
0
0
0
0
0
0
0
0
0
0
0
0
0
0
0
0
0
0
0
0
0
0
0
0
0
0
0
0
0
0
0
0
0
0
0
0
0
0
0
0
0
0
0
0
0
0
0
0
0
0
0
0
0
0
0
0
0
0
0
0
0
0
0
0
0
0
0
0
0
0
0
0
0
0
0
0
0
0
0
0
0
0
0
0
0
0
0
0
0
0
0
0
0
0
0
0
0
0
0
0
0
0
0
0
0
0
0
0
0
0
0
0
0
0
0
0
0
0
0
0
0
0
0
0
0
0
0
0
0
0
0
0
0
0
0
0
0
0
0
0
0
0
0
0
0
0
0
0
0
0
0
0
0
0
0
0
0
0
0
0
0
0
0
0
0
0
0
0
0
0
0
0
0
0
0
0
0
0
0
0
0
0
0
0
0
0
0
0
0
0
0
0
0
0
0
0
0
0
0
0
0
0
0
0
0
0
0
0
0
0
0
0
0
0
0
0
0
0
0
0
0
0
0
0
0
0
0
0
0
0
0
0
0
0
0
0
0
0
0
0
0
0
0
0
0
0
0
0
0
0
0
0
0
0
0
0
0
0
0
0
0
0
0
0
0
0
0
0
0
0
0
0
0
0
0
0
0
0
0
0
0
0
0
0
0
0
0
0
0
0
0
0
0
0
0
0
0
0
0
0
0
0
0
0
0
0
0
0
0
0
0
0
0
0
0
0
0
0
0
0
0
0
0
0
0
0
0
0
0
0
0
0
0
0
0
0
0
0
0
0
0
0
0
0
0
0
0
0
0
0
0
0
0
0
0
0
0
0
0
0
0
0
0
0
0
0
0
0
0
0
0
0
0
0
0
0
0
0
0
0
0
0
0
0
0
0
0
0
0
0
0
0
0
0
0
0
0
0
0
0
0
0
0
0
0
0
0
0
0
0
0
0
0
0
0
0
0
0
0
0
0
0
0
0
0
0
0
0
0
0
0
0
0
0
0
0
0
0
0
0
0
0
0
0
0
0
0
0
0
0
0
0
0
0
0
0
0
0
0
0
0
0
0
0
0
0
0
0
0
0
0
0
0
0
0
0
0
0
0
0
0
0
0
0
0
0
0
0
0
0
0
0
0
0
0
0
0
0
0
0
0
0
0
0
0
0
0
0
0
0
0
0
0
0
0
0
0
0
0
0
0
0
0
0
0
0
0
0
0
0
0
0
0
0
0
0
0
0
0
0
0
0
0
0
0
0
0
0
0
0
0
0
0
0
0
0
0
0
0
0
0
0
0
0
0
0
0
0
0
0
0
0
0
0
0
0
0
0
0
0
0
0
0
0
0
0
0
0
0
0
0
0
0
0
0
0
0
0
0
0
0
0
0
0
0
0
0
0
0
0
0
0
0
0
0
0
0
0
0
0
0
0
0
0
0
0
0
0
0
0
0
0
0
0
0
0
0
0
0
0
0
0
0
0
0
0
0
0
0
0
0
0
0
0
0
0
0
0
0
0
0
0
0
0
0
0
0
0
0
0
0
0
0
0
0
0
0
0
0
0
0
0
0
0
0
0
0
0
0
0
0
0
0
0
0
0
0
0
0
0
0
0
0
0
0
0
0
0
0
0
0
0
0
0
0
0
0
0
0
0
0
0
0
0
0
0
0
0
0
0
0
0
0
0
0
0
0
0
0
0
0
0
0
0
0
0
0
0
0
0
0
0
0
0
0
0
0
0
0
0
0
0
0
0
0
0
0
0
0
0
0
0
0
0
0
0
6.92296e-310
4.24399e-313
4.74069e-307
3.64676e+287
5.21742e-134
1.02498e-313
2.122e-314
2.76212e-317
4.24399e-314
0
0
0
1.4822e-323
0
6.95289e-310
6.92296e-310
6.92296e-310
1.97626e-323
6.95289e-310
6.95289e-310
6.92296e-310
0
7.48766e-319
7.41415e-319
7.41415e-319
0
4.94066e-324
7.48766e-319
7.42695e-318
7.41555e-318
7.41555e-318
7.48766e-319
2.47033e-323
7.42695e-318
8.90425e-318
8.8926e-318
8.8926e-318
7.42695e-318
4.94066e-324
8.92449e-318
9.04591e-318
9.03223e-318
9.11259e-318
8.90425e-318
1.4822e-323
0
0
0
0
0
0
0
0
0
0
0
0
0
0
0
0
0
0
0
0
0
0
0
0
0
0
0
0
0
0
0
0
0
0
0
0
0
0
0
0
0
0
0
0
0
0
0
0
0
0
0
0
0
6.95289e-310
6.92296e-310
6.95289e-310
6.92296e-310
6.92296e-310
1.97626e-323
6.95289e-310
6.95289e-310
6.92296e-310
0
4.04739e-320
3.93672e-320
3.93672e-320
0
4.94066e-324
4.04739e-320
1.41659e-319
1.25675e-319
1.25675e-319
4.04739e-320
2.47033e-323
1.41659e-319
1.82132e-319
1.76856e-319
1.76856e-319
1.41659e-319
4.94066e-324
2.02369e-319
2.42843e-319
2.22705e-319
2.2316e-319
1.82132e-319
1.4822e-323
2.02369e-319
1.4822e-323
1.21422e-319
6.9228e-310
9.9161e-319
6.92296e-310
1.2475e-318
1.2475e-318
9.9161e-319
6.92296e-310
1.27493e-318
1.3154e-318
1.29809e-318
0
0
6.92296e-310
1.08066e-317
6.92296e-310
6.92296e-310
1.08694e-322
6.92296e-310
1.70109e-314
6.95289e-310
0
6.95289e-310
6.92296e-310
9.28373e-315
6.95289e-310
6.92296e-310
6.92296e-310
9.28373e-315
6.95289e-310
7.9635e-314
6.92296e-310
1.97626e-323
6.95289e-310
0
4.77301e-317
2.96439e-323
6.92296e-310
7.72738e-319
1.01283e-320
2.2316e-319
6.92296e-310
6.92296e-310
6.92296e-310
6.95289e-310
6.95289e-310
1.01283e-320
7.72738e-319
4.94066e-324
1.64331e-319
0
0
2.10907e-319
2.02369e-320
4.34778e-322
7.77749e-315
1.84764e-315
7.72571e-315
0
7.73692e-315
1.14447e-315
0
0
0
6.95289e-310
0
6.92296e-310
6.92296e-310
6.92296e-310
6.92296e-310
0
6.92296e-310
2.122e-314
0
6.95272e-310
0
2.122e-314
0
0
6.42285e-323
6.92296e-310
6.92296e-310
0
0
6.92296e-310
6.92296e-310
6.92296e-310
6.95289e-310
4.11063e-321
1.39615e-309
0
2.124e-314
4.0632e-320
3.16202e-322
2.03634e-319
1.3351e-307
3.05953e-308
8.48798e-314
0
0
0
3.93672e-320
3.93672e-320
2.02369e-320
1.061e-313
4.04739e-320
4.04739e-320
4.04739e-320
8.52016e-320
8.52016e-320
2.02369e-320
8.48798e-314
1.41659e-319
1.41659e-319
1.41659e-319
3.51972e-320
3.51972e-320
2.02369e-320
1.2732e-313
1.96599e-319
2.16836e-319
2.16836e-319
5.8695e-321
6.32404e-321
2.02369e-320
1.2732e-313
1.96994e-319
2.17231e-319
2.17231e-319
2.21341e-321
2.21341e-321
3.95253e-323
8.48798e-314
2.80629e-321
2.80629e-321
2.80629e-321
1.77864e-322
1.77864e-322
1.97626e-323
9.32067e-314
1.54208e-319
1.54208e-319
1.54208e-319
3.69561e-321
3.69561e-321
1.97626e-323
1.35647e-313
0
0
0
0
0
7.90505e-323
9.32067e-314
1.96599e-319
2.16836e-319
2.16836e-319
5.77069e-321
5.77069e-321
4.94066e-324
4.24399e-313
4.74069e-307
-2.43217e+143
3.5487e+135
1.43741e-314
8.70018e-313
1.9098e-313
-4.61958e+19
-5.17454e-116
5.10193e-75
5.53562e-222
1.61882e-86
2.61001e-259
-1.03847e-300
2.39487e-298
2.02567e-322
9.12458e-313
9.54898e-313
2.2727e-322
9.97338e-313
0
2.37152e-322
2.47033e-322
2.51973e-322
1.14588e-312
0
1.1671e-312
0
0
1.18832e-312
1.20954e-312
6.95289e-310
6.95289e-310
0
6.95289e-310
6.92296e-310
6.92296e-310
6.92296e-310
6.92296e-310
6.92296e-310
0
6.95289e-310
6.92296e-310
6.95289e-310
0
6.95289e-310
6.95289e-310
6.92296e-310
1.39069e-309
1.39069e-309
1.39069e-309
1.39069e-309
6.9228e-310
6.92296e-310
-nan
6.95289e-310
0
6.92296e-310
8.39912e-323
3.60739e-313
4.94066e-323
6.95289e-310
-nan
4.94066e-323
8.39912e-323
6.92296e-310
6.15189e-304
6.95289e-310
6.92296e-310
9.38725e-323
0
0
9.38725e-323
6.92296e-310
6.95289e-310
6.92296e-310
4.94066e-324
6.92296e-310
0
6.92296e-310
4.94066e-324
6.92296e-310
6.95289e-310
6.92296e-310
4.94066e-324
6.92296e-310
6.95289e-310
6.92296e-310
4.94066e-324
6.92296e-310
6.95289e-310
6.92296e-310
4.94066e-324
6.92296e-310
6.95289e-310
6.92296e-310
4.94066e-324
6.92296e-310
6.95289e-310
6.92296e-310
4.94066e-324
6.92296e-310
6.95289e-310
6.92296e-310
4.94066e-324
6.92296e-310
6.95289e-310
6.92296e-310
4.94066e-324
6.92296e-310
6.95289e-310
6.92296e-310
4.94066e-324
6.92296e-310
3.95253e-323
6.92296e-310
4.94066e-324
6.92296e-310
6.95289e-310
6.95289e-310
6.92296e-310
6.95289e-310
6.92296e-310
6.92296e-310
4.94066e-324
6.15379e-313
4.94066e-324
0
0
6.9228e-310
-nan
0
0
6.9228e-310
0
6.9228e-310
4.94066e-324
4.94066e-324
1.4822e-322
4.94066e-324
6.92296e-310
1.69563e-320
6.92296e-310
2.96439e-323
4.94066e-324
6.92296e-310
6.95289e-310
6.92296e-310
4.94066e-324
6.92296e-310
6.95289e-310
0
0
0
0
0
0
6.95289e-310
6.95289e-310
1.01856e-312
6.95289e-310
6.95289e-310
4.03179e-313
0
0
0
6.92296e-310
6.95289e-310
6.95289e-310
0
6.92296e-310
9.88131e-324
0
0
0
0
6.92296e-310
0
6.92296e-310
6.92296e-310
6.92296e-310
0
6.95289e-310
5.05923e-321
6.92296e-310
6.92296e-310
0
6.92296e-310
0
6.92296e-310
3.58628e-315
6.92296e-310
4.94066e-324
4.67909e-310
6.92296e-310
6.92296e-310
4.23414e-321
6.92296e-310
6.92296e-310
6.95289e-310
6.95289e-310
6.92296e-310
6.92296e-310
6.9228e-310
6.92296e-310
6.92296e-310
4.67909e-310
3.58628e-315
5.60356e-317
6.95289e-310
6.9228e-310
6.95289e-310
4.67909e-310
6.95289e-310
6.92296e-310
9.38725e-323
3.26943e-316
0
2.52962e-321
3.58628e-315
0
4.67909e-310
6.92296e-310
6.95289e-310
6.95289e-310
6.92296e-310
3.45846e-323
6.92296e-310
4.94066e-324
0
4.94066e-324
6.92296e-310
6.95289e-310
6.92296e-310
6.92296e-310
2.122e-314
6.92296e-310
0
4.94066e-324
6.92296e-310
2.122e-314
0
6.92296e-310
6.92296e-310
6.92296e-310
0
0
6.92296e-310
2.122e-314
6.95289e-310
6.92296e-310
4.67909e-310
6.95289e-310
4.94066e-324
6.95289e-310
6.95289e-310
4.67909e-310
6.92296e-310
4.94066e-324
0
6.95289e-310
6.92296e-310
6.95289e-310
6.92296e-310
6.92296e-310
3.32012e-321
4.67909e-310
4.67909e-310
6.92296e-310
4.67909e-310
6.92296e-310
6.92296e-310
6.92296e-310
3.47822e-321
3.63632e-321
4.17199e-309
6.92296e-310
4.67909e-310
6.92296e-310
3.45846e-323
1.061e-313
6.92296e-310
6.92296e-310
4.17199e-309
0
6.92296e-310
6.95289e-310
6.95289e-310
1.78121e-77
-5.0186e-67
0
0
0
0
4.27256e+180
2.24671e-317
0
0
0
0
3.8821e-265
3.8821e-265
0
0
0
0
0
0
5.02311e+98
9.39902e+218
0
0
0
0
0
0
0
0
0
0
0
0
0
0
0
0
0
0
0
0
0
0
6.92296e-310
6.92296e-310
6.92296e-310
6.92296e-310
9.88131e-324
-2.96439e-323
0
0
0
0
0
0
9.88131e-324
-2.96439e-323
0
0
0
0
0
0
2.37664e-312
6.92296e-310
6.92296e-310
6.92296e-310
0
0
4.91544e-315
6.92296e-310
5.13828e-321
5.13334e-321
6.9228e-310
6.92296e-310
6.92296e-310
7.90505e-323
1.35808e-312
9.88131e-324
2.63127e-312
0
0
6.92296e-310
4.67909e-310
6.92296e-310
6.95289e-310
4.94066e-324
6.95289e-310
4.94066e-324
