0.333342
-0.89766
0.483705
0.118117
-0.910627
-0.0805889
1.30634
-0.48415
-0.513339
1.79394
-2.25585
1.06284
0.441259
-1.83179
0.755966
0.617198
-0.796034
-1.47468
-1.47304
1.48592
-1.17946
-0.708619
-1.02377
-1.066
1.09959
-0.169933
-0.420083
1.15218
0.187368
-1.52313
-1.20429
0.833435
1.48501
0.333753
-0.528495
-0.522405
-0.518964
1.14307
0.316557
-0.66522
0.215312
1.11266
-4.0682
-1.5239
-1.42127
-1.73637
-0.298861
0.865823
1.37303
-0.951047
-0.290048
-0.593823
-0.951108
-0.286985
-0.307909
1.59959
-0.72256
-0.013599
0.555018
-1.61977
2.03507
-0.962159
0.867262
-0.317025
0.0844827
1.64215
-0.172052
-0.208354
-1.6226
-0.620277
0.954154
-0.284283
0.0849905
0.741337
-2.26139
-0.199961
0.91315
-0.543309
0.0885331
0.743381
0.4568
-1.00139
-0.0561483
0.7949
-1.98132
0.122848
-1.57212
0.728959
1.59792
-0.513606
0.654811
1.84886
0.475532
1.09235
-1.86979
-0.508991
0.106229
-0.663173
0.183082
1.09477
2.05881
0.151475
-0.36894
-0.925068
-0.592037
-0.221458
0.430995
-0.401103
2.00758
0.64225
0.925647
-2.31112
3.34564
0.193516
-0.0670586
-0.490228
0.825198
0.805905
-1.93447
0.0679752
0.585271
-1.23135
1.52487
-0.46592
-0.502002
-2.0715
0.333166
0.735742
0.503376
0.00782192
-0.182845
-0.109784
-0.390303
-0.817017
-0.71014
-1.72472
-0.857936
0.233453
-0.901732
1.16163
-0.440908
-1.04758
-2.81589
1.89892
0.912385
-0.716376
-0.00869311
0.457109
-0.947986
0.108069
-0.0753939
-1.36963
0.475997
-0.886097
-0.282381
-0.208911
0.312911
-0.315254
1.57195
1.59281
-1.2212
-1.28889
0.984957
-0.844556
0.582415
0.325207
0.379267
0.479605
-0.194954
0.458107
0.558627
-1.24556
-0.845547
1.65213
1.68953
0.955679
0.172977
-1.63514
1.92128
0.640409
-0.505568
0.686847
1.56035
-0.163104
-2.5442
-3.16556
-1.18951
-1.13078
0.376884
-0.815249
0.0905871
0.251053
-1.68668
0.854054
0.0910709
0.137912
-2.95963
0.463799
0.0802258
-0.349656
1.15464
1.0075
0.711795
-1.56808
0.117182
-0.775792
0.158552
0.0496141
0.420406
-0.984158
1.75164
1.23016
2.60735
-1.59597
-1.99425
0.932185
-0.79821
-0.0388481
1.13472
0.758578
-3.76725
0.61796
0.632335
-1.08434
-1.71918
0.467716
0.103222
1.04367
3.32182
-1.44281
0.366948
-1.99141
-0.127412
-0.685272
1.05342
-0.429142
1.00483
-1.54432
0.582433
1.32172
0.488278
-2.67654
-0.110012
-0.481789
1.4713
-0.926941
-1.56138
-0.325552
0.851945
-1.13114
-1.01448
0.212815
0.860865
0.533253
1.04484
1.41054
-0.0624213
0.67569
0.48672
-0.610993
-0.894263
-0.681189
2.22198
-0.211578
1.06337
0.28322
0.740104
0.420159
-0.916596
0.125357
-1.54265
-0.936195
0.875669
0.0584136
-1.40489
-2.73747
0.640592
0.136855
-0.812491
0.527954
2.34702
0.239377
-0.648549
-2.76198
-0.300439
-0.654104
-2.22346
-0.247663
-0.132641
-2.18634
-0.719863
0.920828
0.0416357
0.233712
0.444584
1.21851
0.696242
-2.16882
0.0693078
0.309987
0.13657
0.274071
-0.188967
-0.183997
0.486239
0.343481
0.571488
0.423054
1.14519
-2.33031
-0.998598
0.0457614
-1.45405
-1.00688
0.0967783
0.86963
-0.395559
0.321057
-0.0334556
0.132996
0.090017
0.427999
-2.51325
-0.467598
-0.660586
-0.598665
-0.230679
0.210435
-1.06061
1.9894
-0.423091
-0.70883
0.829145
-2.22989
1.11282
0.576593
1.03627
0.0986367
0.440892
-1.29009
-0.06174
0.881664
2.06406
-0.461779
-0.676392
-1.11649
-0.0762042
0.933128
-1.57001
-0.217043
0.276717
0.79369
0.836238
-0.766438
-1.31303
-1.2271
-2.18659
-1.01066
2.45433
1.76233
-0.153853
0.698195
0.7849
0.00541173
0.24834
-0.123885
-0.268609
0.187424
1.38004
0.518289
0.678869
-0.561364
0.295022
0.583807
-1.13741
0.874885
0.119317
-1.21822
-2.28902
-0.0670705
-1.80601
1.59197
1.2683
0.954681
0.572843
1.56342
1.45684
-3.75813
-0.298957
0.621398
0.969221
-0.288946
0.455975
0.378956
-0.980111
0.375261
-1.68608
0.367704
-0.658296
1.66172
-1.21343
-0.497621
0.0980508
-0.196068
-2.28588
-0.489192
0.599243
0.0588961
1.09821
-0.351163
-0.0716831
0.0944779
0.357126
-0.457269
-0.550094
-0.0317547
1.16934
-1.71234
-2.56951
-1.15695
1.11835
0.370435
0.147043
-1.58535
-0.121798
-1.62912
0.652985
-0.0562125
0.692135
1.57767
0.836494
-1.21359
-0.996211
-0.40948
0.270886
-0.4058
-0.359268
-0.16319
-1.30771
-1.64204
0.374561
-0.586287
-0.285211
1.74841
-1.12486
-1.38105
0.685774
-0.479874
-0.836469
-0.613585
2.31454
-0.312067
0.372978
0.486475
-1.75427
-0.219134
1.42152
-0.430983
-1.14459
1.01179
-0.123912
-1.64667
-0.850815
-2.41501
-0.249407
2.20046
1.2792
0.036799
-0.661926
-1.06555
0.955238
-0.238145
-1.72095
0.248702
0.814768
-0.917441
-1.75489
1.05661
-1.46163
-0.368758
0.961301
-2.61137
-0.00982514
0.275031
0.715152
1.21231
-0.508288
0.465339
2.47213
0.954823
-2.49857
1.80347
0.539377
-0.533002
1.04254
0.322921
-0.812988
-1.98678
1.82733
1.13976
