-1.19887
0.284225
0.195384
-2.40544
1.15557
0.988287
-0.759536
-0.395399
0.807704
-0.0336503
0.253764
1.06307
-1.2783
0.958643
0.29149
-2.00981
0.00161694
1.86536
-2.35
-0.235855
0.735482
-1.38266
0.817491
-1.74497
-2.56896
0.12232
-0.128591
1.39962
1.15535
-0.379784
2.13373
0.477458
0.826032
0.220784
-0.601273
1.47035
-1.03774
0.449047
-0.663435
0.466283
-1.55102
-1.67831
0.400557
0.872332
1.41094
-1.27361
0.467819
-1.21032
0.484814
-0.878577
1.83229
-1.1947
-0.0324207
2.12189
0.0377884
-1.02631
1.85408
-1.89706
-0.189306
0.880423
-0.482446
0.596876
1.21858
0.808323
0.886477
-1.16169
-0.857132
-0.308209
-0.686598
-0.222412
-1.73205
-0.358811
0.923632
-0.645973
-0.0975773
0.0640181
-1.04848
-3.14374
-0.696408
0.50831
0.438935
0.895446
-0.67789
0.0721848
-3.46406
-0.775287
-1.04034
-0.946492
1.14421
-0.863244
0.208577
-0.357096
-0.0128352
-2.14618
0.195621
0.279826
-2.01333
-1.10239
0.239944
-0.204797
-0.225712
-1.3214
-1.74151
-1.73143
-1.14862
0.760106
0.824263
0.113116
0.177548
0.449654
0.199373
-0.262402
0.783583
-0.378695
0.622069
-0.290934
0.0150294
0.658902
0.379904
0.78816
-1.50255
0.366586
2.12914
1.12054
-0.0653379
-1.32842
0.685611
1.67462
1.02521
1.5961
-0.408117
0.63097
0.841395
-0.656393
1.70449
-0.511132
0.0628795
-1.10296
-1.32161
0.404016
-0.903941
-0.295207
-0.741019
-0.37472
0.955034
0.724076
-1.02845
-0.200891
-0.980054
-0.368456
1.18221
0.97157
-1.2984
-3.47064
-0.56968
-0.256127
0.342823
-3.29731
0.493352
0.277544
-0.397016
-0.84009
-0.0055678
-2.83755
0.410477
-1.9619
-0.658755
-0.407406
-2.00811
1.06941
0.274212
-0.855568
0.589885
0.982213
-1.07779
1.61038
1.13012
-0.068553
0.367521
-0.210303
-1.44483
0.249611
-2.01671
-1.56663
0.10303
-0.620348
-0.320883
-1.03471
2.26518
1.10443
-0.0985536
-0.801424
-1.61777
0.293309
1.21413
-0.693033
-4.47733
1.09036
0.232328
-0.928301
-0.794908
-0.294512
-0.695525
2.76146
-0.875287
-0.646224
0.602291
1.1782
-0.968045
-3.02216
-0.323217
1.57086
0.0806288
2.8447
-0.13857
-1.17172
-1.66691
0.328705
0.738612
-1.6508
-1.68183
-1.2708
-0.70009
0.419524
-0.474609
-0.840056
0.66599
-0.926212
0.0217103
0.174803
2.13482
0.785512
-1.82572
-0.496516
0.992987
0.15753
-1.26133
0.257887
-0.75843
-0.179348
-1.99505
-1.25832
1.24798
2.71572
0.781521
0.503591
-0.582245
1.43127
-0.621901
0.123319
-0.16126
-0.532153
0.418209
-1.29047
3.26406
0.112894
-0.157909
0.573151
-2.17793
-0.874248
0.189679
-1.09033
0.615832
0.289208
-0.703321
-0.224166
-0.054857
-0.594484
-0.317042
0.651835
-1.41202
-0.246768
-1.37244
0.609688
1.0702
-0.365445
-0.0278946
-0.825813
0.271515
0.132275
1.90196
0.863201
-2.08496
0.00641631
-0.644221
0.790303
-0.807269
-2.27173
-1.23567
1.39175
-0.816015
1.94601
-1.59925
-0.178186
-0.175935
1.19903
-0.446238
0.0301134
-0.127356
-0.821731
-0.0831399
-0.0858888
-2.77098
-0.0725059
-0.98486
-1.03535
1.02889
-0.661612
0.97256
0.615646
0.924712
0.296799
-0.0062012
0.550865
0.41002
0.672793
0.403869
-0.723605
0.944469
0.62767
-0.168984
-0.600772
-0.41513
-1.41141
0.572154
-1.52111
1.81593
-1.53638
0.225542
0.128981
0.218687
-1.53436
-0.864371
-0.489585
1.1158
-0.738456
-0.537618
-0.462333
1.23056
-2.19297
0.0691887
-0.551809
-1.2939
1.21562
0.307269
-0.663942
1.85015
0.817472
-0.077781
-0.373664
0.445565
0.0789404
1.95061
0.520274
-1.40743
-0.0961307
-1.65689
1.83204
2.26925
-0.0951986
-3.85002
-1.08817
-1.46842
0.347158
0.292483
-0.691652
-0.695752
-1.06903
1.32282
-1.17715
0.74138
0.160043
0.691091
-0.772722
0.189039
-1.01732
1.44173
0.9665
0.463611
-1.69637
-0.900451
-0.605468
-2.76374
-2.32057
7.54535e-05
0.931132
0.704708
0.400118
0.492432
-0.96526
-0.34163
-0.97281
0.0443691
-0.185692
-0.328456
0.413324
-1.21198
0.107621
0.983521
0.0494188
1.7335
1.44651
0.294822
-1.20093
-1.65374
-0.84139
-0.483285
-0.451678
-2.03571
-0.626289
1.90324
0.102748
-0.541564
0.682893
-1.45239
0.206527
-0.674194
0.821178
-1.71455
0.315846
0.648397
-0.694189
-0.217673
-0.954164
1.43237
-0.361799
0.0485291
-1.28079
0.297258
0.00786813
0.0575719
0.883495
0.336148
0.190332
-0.224629
0.251234
0.791851
-2.12456
0.484508
-0.0964605
-1.47708
-0.868084
0.488138
-0.475046
1.60529
1.12107
1.69281
-0.312209
-0.51211
0.6331
1.00181
0.886772
0.889503
-3.19131
0.191152
-0.906929
0.68944
-0.493726
-0.428176
2.75277
-0.216192
-1.7611
0.213435
0.290787
-1.57311
-1.40353
0.676561
-0.359183
0.172203
1.36026
-1.87499
-2.09397
-3.10459
-0.226828
0.633609
0.965728
-0.246616
0.578442
-1.57194
0.641798
-0.0269623
0.109822
-0.172619
-0.423381
-2.40964
0.315999
1.01353
-1.28308
-1.471
-2.05351
0.229573
-2.6866
0.0562937
0.500776
-0.0265688
0.319287
1.69956
-1.05952
-0.652392
-0.677655
