0.443125
-1.42281
-1.41375
-0.368161
0.000561701
0.806163
-0.442517
0.322259
-0.263058
-0.873222
-0.982873
-0.0426616
-2.3703
0.167617
-1.11605
-1.7182
-0.364269
0.61108
-0.486192
-0.518102
-1.23548
-0.704399
-0.843424
0.33472
1.45723
1.57873
-0.287455
1.01175
0.0334729
-0.726184
1.466
-0.539272
1.83837
-0.0531362
0.694129
-0.287069
-1.41867
0.337835
0.984325
0.560516
-1.12682
2.0126
1.04519
0.68646
-1.01954
1.16291
-0.144241
-1.78264
-0.239519
2.32381
0.545837
-0.165493
-0.132651
-0.166274
-0.380712
0.32313
-0.472363
0.700822
0.751544
-1.46766
-0.647777
-2.3007
0.481123
2.34206
-0.365685
0.869644
-1.68881
0.589756
1.2362
-1.19406
2.63032
-0.507537
1.02389
-0.23983
0.639311
-0.861487
-0.826125
0.0951919
0.604594
1.31131
0.699186
0.0118797
-0.869992
1.24606
0.407994
0.080946
-0.184194
2.03565
0.701341
1.44842
1.16507
0.863638
-0.257043
0.631177
1.4144
1.63609
0.831465
-1.29244
-0.166176
0.614061
-0.289899
0.225706
-0.1985
1.95383
-1.71195
-1.11802
0.621617
0.572813
-0.714569
-1.2907
1.0362
-0.776839
-0.117283
-0.884047
0.53283
0.751221
-0.327888
0.522313
-0.359483
-0.861516
0.00764369
-0.155414
-0.646721
-0.916925
0.606167
1.52554
-0.393764
-1.29423
0.0363081
-0.696742
0.463017
-1.33702
-1.70152
-0.958077
1.6345
-0.95757
-0.296901
-0.33733
-1.11196
0.0368175
1.23798
0.579381
2.75954
-0.351443
1.3294
1.10709
0.115552
-0.344422
0.369904
0.446972
0.473441
2.28812
-0.514085
0.554236
1.36052
1.42012
1.52322
-1.93133
-0.811467
-1.71903
0.226099
0.366552
0.544726
-1.14143
-0.319553
0.804226
1.24276
-0.416253
-3.13621
-0.301003
-0.755043
-1.04531
-0.0403218
0.668173
-0.568365
-0.277598
-0.968479
0.458825
-0.596698
0.857342
1.22077
0.0570514
-0.246857
-1.09279
0.48723
2.70443
0.48992
0.198075
-1.4513
1.12639
-3.11943
1.72932
-0.248452
1.54462
-2.55664
0.423915
0.913361
-0.0140046
-0.501682
0.0812948
-1.96795
-0.384334
-0.300212
0.174829
-0.452775
-0.342336
0.155794
-0.271556
-0.361104
0.407419
0.744044
0.546023
-0.51469
1.45359
1.1075
0.21314
-2.0592
0.769443
-0.204914
1.44062
-0.0924424
0.418599
0.781739
0.316578
0.227724
-1.44045
1.29991
0.27971
-3.49853
0.831708
0.571601
2.20197
-1.41433
0.660658
1.46531
-1.15113
1.26408
0.239963
-0.212226
0.95986
-0.184414
-0.398649
-0.0343739
0.223571
-1.72689
2.09238
-1.08175
0.938421
-1.34272
0.92494
-0.275267
-0.398035
-1.24874
2.81474
-1.79317
0.378984
0.342871
-0.452478
-1.77165
-0.60362
-1.72179
1.59485
-2.12986
0.478718
0.34905
-0.0169081
0.613911
-0.91699
0.0519518
1.38218
0.0951979
-0.966009
-1.33436
2.46584
0.369615
-1.04936
-1.52284
0.407082
0.973611
-0.764862
-0.946863
0.22861
0.828015
-2.50345
0.143001
0.496528
-1.93961
0.265712
-1.81978
-1.49512
0.365686
0.838572
-0.705059
-1.38803
0.129069
-0.0602445
2.18428
-0.655496
-0.851455
0.3409
-1.65055
-0.653207
-2.10146
0.632815
-0.111631
-0.386957
0.561613
0.504485
-0.516389
3.4314
-0.51728
1.24613
-1.43009
0.891144
0.688812
0.415356
0.555595
1.25911
0.843831
0.333655
2.99288
0.204979
2.116
0.177917
-1.19727
0.818193
0.672121
0.497223
-1.37373
-0.274076
0.729819
0.199678
-0.554254
-0.0346309
2.63325
-0.402445
0.504437
-0.671779
0.0285809
0.0345546
-1.52276
0.116745
0.239319
1.85127
-1.84648
2.34299
0.112458
-0.314163
0.171202
-0.0594172
0.813845
-0.154437
1.73077
1.51827
0.143937
-1.17639
1.56414
1.94031
0.105463
-0.926012
-0.352601
1.77529
-1.3189
-2.75536
-0.283711
-0.514453
0.330604
-0.198755
0.92303
-1.06093
-0.336238
0.954512
0.882849
-0.731263
2.25344
-0.286871
-0.554048
0.390741
0.39695
0.870554
1.09076
-3.42802
-0.416162
0.587753
0.17497
1.33457
-0.477191
-0.24233
-1.38
0.00330116
-1.13169
-0.18187
1.68614
-0.615093
0.507561
-1.24565
1.05538
1.62958
-0.657266
-0.818057
-0.177157
1.04889
0.284159
2.27934
0.115163
-1.47818
-0.800118
0.663158
2.66599
-1.69202
-1.10915
0.0494266
-0.299501
0.0299754
1.76394
-0.758504
-0.0529587
1.86467
2.08198
1.70477
-0.406543
1.26366
-1.46505
-0.508281
-0.238151
-0.154182
-0.033196
-1.23672
1.76784
0.772679
0.195915
-1.03457
-0.349966
0.667773
-1.34016
-0.0155646
0.571643
0.987336
0.753121
0.582075
0.157774
-0.645252
-0.85543
0.777031
-0.383841
0.610301
-0.0660298
-0.376038
-0.629788
-0.370897
0.656166
-0.347393
0.764621
1.81483
-0.11934
1.30803
-0.604774
-1.92867
1.62864
-0.297424
-0.68081
-0.75726
-0.529006
-1.53655
-0.252645
-0.700559
-0.514398
1.33965
-0.319125
1.25774
0.680343
2.29772
-0.484225
0.675721
-1.10215
0.364515
0.220824
0.145977
2.54017
-0.772389
0.0643258
-0.498723
-0.375714
-0.391361
-0.329759
-0.917533
0.789263
0.68482
-1.18591
-0.534819
-0.354839
1.73577
0.579007
0.0405423
-0.0122054
-2.64972
-1.86545
1.5508
1.50357
-0.289225
