-0.0610778
0.553701
0.582247
1.18551
1.12836
0.585415
0.197523
1.18851
0.767124
0.132163
-0.318366
-0.436399
0.0581642
-0.59413
-1.74802
2.86636
0.381996
0.146769
0.156668
-0.259383
-0.144803
0.188991
1.17693
0.884513
0.106404
0.595684
-1.2697
1.19484
-1.7719
2.43832
-0.0514472
0.192907
-0.295951
-0.280049
-0.476585
-0.610547
-0.122984
-1.16028
-1.12534
-0.0454968
-0.255698
-3.21988
1.55391
1.05598
1.24236
-0.196638
-0.181245
-0.235125
-0.993628
1.0069
1.68766
0.177252
0.175276
-0.351088
0.316819
1.21843
-0.486054
-0.736166
0.76668
2.86032
1.43457
-1.5894
-2.47651
0.0530257
1.58718
0.364718
-0.256852
0.725956
0.220902
-2.2015
0.257416
-0.94332
1.99081
0.593739
-0.633942
-0.249673
-0.239119
-0.0483346
1.89029
1.0519
-0.403815
0.691036
-0.63888
-0.681875
1.11569
0.168128
1.92867
1.27899
0.450366
0.729351
2.19552
1.4163
-1.0072
-1.47317
-0.159727
1.80744
0.361509
0.217563
-0.43311
0.305562
0.205296
0.273025
0.20876
-1.50342
-1.29886
-0.164286
-1.83793
0.581228
-1.80528
-0.936384
-1.50656
-2.3855
0.462017
-1.49692
-1.74461
0.0142857
0.735984
-0.904619
1.42065
0.502791
-0.872732
0.178004
1.5079
-2.78174
0.0110041
-2.96834
0.631913
0.852392
0.483561
0.391565
-0.695899
-2.14957
-1.22281
0.929978
0.7352
0.129061
-0.228465
0.386661
0.458095
-0.648435
1.31381
-0.855147
1.55144
0.757127
-0.623543
-1.57927
-0.13188
2.71609
-0.385823
0.0533533
2.38494
-0.311324
0.651483
-2.17232
-0.481218
-0.0386196
0.503205
-1.06336
0.317585
0.0326258
0.201509
-0.780922
-0.504943
-0.616608
1.32404
0.599373
-1.17599
0.715193
0.535669
0.914772
0.83381
-0.393278
-2.06589
0.148571
1.27066
-0.279761
-0.495016
2.7083
0.258578
-0.0423731
0.269221
1.1813
1.14614
0.551113
-1.48376
0.713086
0.123391
-0.906581
-0.129957
1.11577
0.296207
0.472927
2.80902
0.768282
-0.00741118
-0.981187
0.137123
0.428749
0.298767
-0.410371
-0.970027
-1.5087
0.341647
0.025633
-0.547077
-0.401898
-0.727582
1.20139
0.629092
-0.0795397
0.406238
1.18467
2.32261
-0.471574
-0.130436
-0.688574
1.79181
0.673151
-2.33792
1.8226
-1.31689
1.19041
-2.52699
1.2863
0.0804616
0.522773
-0.743205
-0.321463
1.97665
0.486357
-2.74828
1.77844
0.522665
1.07749
-0.917776
-0.360891
1.68881
-0.151159
2.48067
-0.40236
-1.05091
0.0832935
1.14196
-1.76178
-1.28571
1.40922
-0.565605
1.10681
-0.0757451
0.155037
2.055
-0.595051
-0.359049
0.0367015
1.66305
-0.673798
-0.0826444
0.634711
0.5799
2.00378
1.61673
0.420882
-0.347261
1.45003
0.498786
0.0237131
-1.75641
-0.284652
2.17594
-0.0750475
0.0233882
2.03228
-0.271096
-2.00047
0.551419
-1.44059
0.740117
1.43373
-2.00144
-0.295471
-0.232825
-0.463566
-1.15339
0.841473
0.993531
0.521477
-0.64888
0.36467
-0.207286
-0.258787
-2.04757
2.74491
0.642759
-1.83139
-0.231211
0.93493
0.693669
2.07614
-0.416181
0.266082
-0.515097
1.57924
1.64281
-0.769001
-0.191033
0.0463368
1.77308
-1.31133
0.158715
3.55547
0.352853
1.90147
-0.497895
0.382045
-0.46588
-0.621117
0.333395
-0.600249
-0.942226
-1.58773
0.155437
0.82853
0.768826
1.39257
1.86038
0.534082
-0.882181
-1.09843
-0.650674
0.580051
1.00731
-1.4135
-0.703284
2.00525
0.799568
-0.0628948
0.321796
1.85519
1.18505
1.01311
0.721991
1.0002
-1.12632
2.34126
-0.247858
-0.229824
0.741492
0.89716
1.38887
-1.97166
-0.104668
0.87561
-0.537188
-0.221064
-1.06352
1.81386
0.137851
-0.704892
-0.231772
0.0475889
0.782429
-0.425725
-0.223834
-1.31326
0.985118
0.283019
-0.994602
-2.12302
-1.0364
-1.00739
3.12542
-1.01531
-0.696781
0.760006
-2.28576
-1.27334
0.556995
-0.503137
0.416468
-0.355965
-1.11184
1.86505
-1.27241
-1.26465
0.215626
1.29135
-1.43691
-0.806872
-1.0769
1.62328
-1.56634
-0.913153
-1.20324
0.789796
0.20382
-0.513718
-0.961924
-0.0142537
-0.0503326
-0.570519
-0.585015
-0.155895
3.5854
-0.410401
0.711194
-0.135548
1.12522
0.389471
0.929437
0.470746
-1.07562
-1.09417
-0.213277
-0.586202
0.17803
-0.571246
-0.905884
-1.40967
0.917963
2.37112
-0.818209
-0.0548152
-0.443903
0.0140938
1.32063
-1.5523
0.259689
0.840835
-0.174153
0.270074
0.10058
0.161186
1.37642
0.503524
1.43273
0.337674
-1.50998
-0.566072
0.80813
1.44331
-1.13616
-1.66316
-1.75718
-1.75843
0.571001
-0.597524
2.70753
1.14364
-1.29795
0.262548
-0.699637
-1.04897
-0.506771
-2.71886
0.5318
-1.20745
-0.835852
1.85735
-0.303186
0.435506
-1.26739
-0.547369
0.427601
0.260381
-1.85936
-0.378212
0.3298
-0.704944
1.07698
0.467905
0.0850439
0.655045
1.51007
-0.0329161
0.178901
-3.43353
-1.41824
0.485159
0.766699
0.00296181
-2.11936
0.480151
0.191106
-0.448272
0.170249
-1.44678
-0.829418
-2.20302
2.1939
-0.944255
-4.19931
0.937235
1.21862
0.442323
0.252058
1.19082
-1.34669
1.6421
0.659612
0.974253
