-0.607181
1.69712
-0.0749016
0.308516
-0.811878
1.27014
-1.48747
0.728899
-0.0691916
-0.00588501
0.900692
-0.535801
-0.701467
0.411544
1.24486
0.668096
0.307218
-1.44548
-0.354313
-0.355566
-1.56351
0.277712
0.0631429
-0.175403
0.27885
0.565962
0.123134
0.802755
-0.0676093
-0.391626
-0.506912
-1.62428
-0.740977
0.763478
-0.0377136
0.531516
-2.04126
0.546695
-0.896765
-0.801801
-0.570768
-0.953457
1.61209
-0.860912
0.00473122
0.90715
-1.0558
-0.87788
1.2754
-0.902531
1.13079
1.24179
-0.628167
-0.390571
-0.79387
-0.815039
-0.514496
-0.167447
0.151606
0.507357
0.332983
1.59592
1.65031
1.35534
-2.9036
0.550146
1.53503
-0.830126
0.40421
1.72739
0.297602
0.919446
0.093157
-0.324923
-0.769719
-0.913123
1.06814
0.764855
0.129451
-0.959313
0.467867
1.37761
-0.214425
0.232574
0.0468609
-0.441165
-0.100672
0.548153
-1.24146
1.56756
0.2804
-0.355809
0.191461
-0.838973
-1.18391
0.183373
-0.486312
-0.0373342
-0.856924
-1.88616
1.35026
-1.83931
-1.58177
-0.592953
-0.445298
1.08192
-1.09854
0.81469
1.34141
-1.37651
-0.142414
-0.382769
-1.13052
-0.309193
-0.108347
-1.60893
-0.926166
-0.582925
-1.24171
1.20153
0.859411
-0.832078
0.611543
0.948148
1.3467
-0.661119
-0.556688
1.87815
-0.429417
-1.79639
0.518486
-1.12754
-0.369643
0.410711
0.191639
0.295972
-0.560845
-0.650799
0.905815
-0.313597
0.769918
-0.454134
0.271505
0.982154
0.544199
-0.300975
-0.844531
-1.14085
-0.393135
0.681913
1.24695
-0.0885544
0.0701154
0.262772
0.446703
1.31466
-0.414633
-0.632689
0.380139
1.71871
0.452158
-1.58047
0.295468
0.313574
-0.259569
0.157104
0.368566
-1.55081
1.06444
0.873663
-0.811131
-3.68408
-0.262178
0.622134
-1.38534
0.618934
-0.0689251
-0.821234
-0.400217
1.12352
0.878467
-0.731287
0.923693
-0.8906
-1.19473
-0.462619
0.657623
-1.85046
-0.455096
0.137324
-0.14996
0.77799
0.14457
0.614758
1.53662
-0.116807
0.0894917
0.547006
-1.89824
-0.319521
-0.312857
0.827799
-0.64021
-1.70634
2.48452
-0.864433
0.495558
1.20883
-0.664459
-0.00969863
-2.38484
-0.925526
-0.246179
-1.93491
-0.98659
-0.574029
-0.27541
0.234827
-0.363721
-0.806992
0.552427
1.3092
-0.672998
-0.303215
0.002058
0.906951
-1.76148
-1.31238
0.985957
2.36386
0.148963
-0.251733
-0.268503
-0.164402
0.75387
-0.850053
0.430015
0.150468
0.715126
0.789252
0.804163
0.364018
0.236397
0.984794
2.08548
-1.0017
-3.41359
-1.42431
1.06189
0.460674
-0.566762
-1.12894
0.78978
0.976231
-0.157252
-0.26577
1.93567
1.18158
0.117783
-0.685528
1.47743
-0.957855
0.441155
-1.24976
1.21576
0.180441
0.693378
0.545033
-0.630811
0.0603965
0.427517
-0.205507
-0.392218
0.505004
-0.0883654
1.0658
-1.44714
1.68996
-0.56323
-0.971698
-0.289681
-0.188654
-0.104413
-1.85732
-1.11305
0.0462713
-1.16355
0.436676
1.2681
-1.81545
0.81917
1.62257
0.613166
1.22148
1.1573
0.988221
0.813864
2.36802
-0.693204
-0.640971
0.373758
-0.410991
0.503502
1.04739
-0.425742
-0.228244
3.49711
1.20493
1.15999
-0.900315
-0.263987
0.274925
-1.37372
-0.714339
1.67481
0.27705
1.48366
-0.0220391
-1.17316
0.558559
0.0941441
0.965573
-0.113484
0.779745
1.46068
2.18022
0.767453
-0.139731
-1.92603
1.2892
-0.598
1.05436
-1.31114
1.1096
-0.967086
-0.636837
0.0156505
0.222577
-2.04891
-0.128349
0.936677
0.338757
-3.32208
0.343723
-0.628353
0.0537763
-0.655124
-0.0983787
-1.16324
-0.158279
-0.748713
1.4493
0.172418
0.689213
-0.348102
1.83287
-0.250831
0.790589
1.46286
0.484547
0.780797
1.72897
1.50046
0.470659
-0.220334
-0.0566088
0.0232094
0.715318
-0.911391
-1.75737
-1.8215
1.93057
0.297349
1.44612
-0.654197
0.0998284
-1.17805
-0.981507
0.369601
-1.65181
-1.00229
-0.543816
0.163031
0.585367
-0.630539
1.97148
1.8083
0.102043
-0.553237
3.96297
-1.21836
-1.13921
-1.09925
-0.00865851
0.16781
-0.648953
-0.316569
2.72054
1.52952
0.107933
0.818205
-1.2113
0.489848
1.19977
-1.00709
-0.342708
-0.07064
-0.469752
0.988415
2.6937
0.513752
-0.879923
-2.25669
1.09942
-0.120609
-0.537837
0.168671
1.3686
0.20392
-0.727423
-0.731708
0.848957
-0.663435
-1.11696
1.20386
-0.805605
-0.201142
0.236382
-0.515659
-0.171793
-0.839492
1.35457
0.371294
0.822294
0.25237
1.64784
-0.329972
-1.15562
0.422354
-0.00236553
1.0983
-0.0561823
-0.580444
-1.30229
-1.00081
0.747061
-0.73854
-0.132732
-0.143133
-0.648353
-1.20963
-1.25802
-0.818508
0.736159
0.241222
0.382368
-1.73642
-1.19103
0.540271
0.409639
0.252469
0.827241
-0.259351
0.16641
-2.14257
-0.882999
-1.0365
-0.11546
0.0541472
-0.263154
0.546583
-1.05089
-1.27073
-0.150107
0.394857
0.921749
-1.82793
-0.598377
-0.709213
-0.300585
-0.275838
-0.0647686
-0.94327
0.639407
1.20089
0.334088
-2.116
-0.905973
-0.254442
-1.71354
-1.57821
1.33542
-0.530386
-0.556172
-2.26094
0.375699
0.147302
1.00889
1.07482
1.27126
