-0.765973
-0.828744
-0.310755
-1.34186
0.324228
0.920767
1.2055
1.06563
1.00792
-0.0640144
0.262614
0.547665
-1.19732
1.40756
1.85566
2.04785
0.415518
-1.11385
0.3059
-0.923086
-2.15175
-0.939366
-0.330095
-0.391375
-0.582262
0.197262
2.27639
-1.64072
-0.459953
0.678459
0.0391297
0.0774729
-0.268773
0.166401
-0.592598
1.0959
0.547385
3.75494
1.54239
0.824016
-0.223092
0.148507
-0.166383
1.10347
-0.105956
0.842373
-0.0758
0.463137
0.458637
-0.436854
-1.99805
0.397058
1.10294
0.140326
-0.447864
0.459897
-0.443549
-1.1427
0.318144
-0.101174
1.20523
1.2265
2.98664
0.460494
0.470883
-0.410434
0.350753
-1.22353
-2.07148
1.9833
-0.0009811
0.999099
-0.757745
-1.31216
-0.785754
1.08491
-0.844789
0.891233
-0.881416
0.50822
-2.16027
0.251524
1.98548
1.01447
-0.906097
0.586205
0.0475595
-1.83947
-0.680086
1.02311
0.820476
0.390488
-0.705947
1.13902
-0.130356
0.408369
-1.19505
1.47628
0.633425
-0.609345
1.16028
0.244737
0.301107
2.12736
1.05453
0.529233
0.679251
0.02556
0.654282
0.290258
1.48449
0.571926
0.726937
1.2916
0.18351
0.245016
0.46531
-0.608426
-1.33571
0.633902
0.479987
-1.11286
0.129456
0.517532
2.47138
-0.217243
0.796983
0.196629
-1.53805
-0.320289
0.906319
-0.633741
-0.641321
0.239569
0.270146
1.99969
0.42516
1.19976
-0.985934
-1.66054
-1.05004
0.43601
0.155021
0.729756
-0.765806
1.14714
0.0547349
-1.32692
0.601051
-1.18892
0.0195843
-0.967307
-0.478731
-2.78799
0.462002
1.21113
-2.73239
-1.34299
0.788861
-0.896485
-0.246315
0.135981
-0.842451
-1.37086
0.425317
1.51267
-3.05361
0.589667
0.331666
-0.732001
-0.109244
0.592986
-0.271301
-0.282115
0.547878
1.77827
0.00660383
-0.688187
-0.433842
0.0980003
0.282216
-1.18967
-1.09859
-0.707417
0.065365
0.0475811
-0.156287
0.761518
-0.435649
0.643169
-0.546401
1.52436
1.72204
0.321625
1.2742
-1.96223
-1.75299
0.880064
-0.584962
2.68457
0.0482678
-0.681761
0.0923694
3.36725
0.493933
-0.148724
-0.0929982
-0.477648
0.582665
-0.11296
0.558941
-1.29909
0.00525496
-0.972933
1.59786
-0.0669532
0.035132
0.0955029
-0.365493
1.26783
-0.196884
0.146048
1.67601
0.301525
-0.0446333
-0.603219
1.41374
-0.671994
-0.407047
1.99959
-0.00022364
-0.601161
0.575825
0.0542369
-0.0324999
0.77455
-0.533615
0.027549
-1.20116
-0.167483
-2.11178
-0.1995
-2.42833
-0.203719
0.531976
0.732
2.16662
-0.120951
-1.51096
0.416601
-0.137969
-0.410111
-0.0770291
0.26933
-0.229622
-0.482826
0.182563
0.993255
0.0432013
-0.744556
1.11584
-0.184788
0.554647
-1.85398
0.0345796
-0.188688
0.0801463
-0.440104
0.503749
0.00260505
-0.999401
1.30497
0.513231
0.626261
1.21281
0.0620997
-0.806602
0.94927
-0.72497
1.15352
0.185312
-0.620271
0.603742
-1.75474
-3.09929
0.838176
0.329345
0.670247
-0.466769
2.15304
1.59111
-1.5181
-0.785985
-0.54068
0.250271
-1.10346
-0.366983
-0.45026
0.291769
0.439863
-0.837543
-1.33533
1.00943
1.36893
0.581903
0.826621
0.0431495
-0.825162
0.719918
0.536671
-0.742941
1.77174
-0.830734
0.810718
0.223866
2.64772
0.174139
0.280491
-0.906023
-0.783436
0.164618
1.24072
-0.286941
-0.168576
-0.351551
0.696641
0.0641094
-1.01915
-0.963985
-0.0128922
1.10814
-0.887519
0.656026
0.155079
-0.527586
-0.914686
-0.981094
2.18618
-0.768638
-2.62148
1.3926
-0.274042
0.158426
-0.487893
-0.796315
0.375924
0.969958
0.983645
0.93091
0.140354
0.130035
1.92489
-0.430444
-0.395862
0.705221
0.930126
-0.0859989
0.0511107
-0.343189
2.74403
1.16103
-0.986898
-0.61439
-0.541612
0.229941
1.60659
-1.34125
0.503731
-1.5118
-0.22045
-2.13584
0.545569
-0.0432249
-0.273769
0.880955
-0.387379
1.69342
0.239249
0.264211
1.72408
1.64983
-0.147512
0.922255
2.14122
-0.464955
0.00913068
2.01243
-1.54568
1.25073
-2.06105
0.403226
1.60386
0.516101
-1.58864
-0.988479
-1.02925
0.266785
-1.35129
-1.46327
0.0306071
-1.27796
-1.44308
0.107101
0.0363871
-1.00398
2.26751
-1.2416
-1.29364
1.00404
2.4834
2.1751
0.734227
0.783088
-0.0696249
-1.08409
-1.42981
2.0075
-2.35957
1.19341
-0.546769
0.796144
0.690508
1.35374
1.17712
-0.740962
1.84418
1.43973
-0.690583
0.575771
0.221528
0.0360025
-0.560755
0.412011
-0.0867734
-0.10758
-0.317923
0.738227
-0.871738
0.477159
-1.87315
0.0614932
0.945208
0.106871
0.579598
-0.931965
1.67207
0.605731
0.441352
0.576768
0.474879
-0.247386
0.642576
-0.785057
-0.119948
-1.65522
0.486995
0.226034
1.20786
-0.0244011
-0.00963066
0.392559
-2.07664
0.34918
-0.94304
-0.689507
-0.723752
-0.00359077
-0.217467
0.841058
-0.113634
-2.58892
-2.29954
-0.748826
0.136379
0.852306
1.45734
-1.23467
0.258826
0.510322
-0.133106
1.64489
-0.345084
-1.25565
1.26144
0.548621
-0.114899
0.175809
0.954477
1.45297
-1.18143
-0.341879
1.02721
-0.821681
0.948424
1.38848
-0.209193
0.895205
-0.0551393
0.166659
-0.42125
