0.580849
0.932062
0.448577
1.24057
2.22112
-0.672655
1.41445
0.0902857
0.58788
-0.0148292
-0.310316
-1.02841
2.10134
0.262759
2.17308
0.154676
2.97907
-0.497114
-2.18239
-1.35655
0.357489
-0.500769
-0.332307
-1.09466
0.488118
1.75154
-0.489709
1.90092
-1.17358
-0.147275
-0.94207
3.06646
-0.575938
0.860543
-0.45396
1.4653
-0.659172
-2.01064
1.83038
0.726967
-1.02798
-0.672773
2.19562
0.181794
0.631177
0.51998
-1.24911
0.214739
-1.1773
0.167622
-1.20075
0.201691
0.0882088
0.463193
1.36945
-0.152554
0.667542
-0.440381
0.498297
-1.20246
-0.971482
0.703585
0.507836
-0.616003
1.64823
-0.711423
0.317014
2.77823
-0.156667
0.935254
-0.371569
0.598816
-2.53011
0.88672
-1.00187
0.512481
-1.19628
2.74578
-0.771457
-0.747968
-0.230866
-1.65541
-0.950756
1.60446
2.42469
-2.20174
-0.293327
1.11721
-1.30667
-1.78929
0.652489
-0.0977634
-1.49715
-0.0049966
-0.320088
2.69243
0.827245
-0.432757
1.92343
1.50978
0.393027
0.809366
1.24087
0.97142
3.16408
0.952312
-1.02072
-0.637534
-0.454904
0.360012
-0.134703
2.01895
0.178538
-0.115558
2.35797
0.296397
-1.26284
0.912074
-0.689085
-1.65797
3.06674
-1.54924
-0.952703
0.368961
0.0423086
1.20009
-0.482859
3.23676
0.240418
0.287357
1.3822
0.413554
-1.63033
0.289918
-0.523425
0.264963
0.147019
-0.918531
0.372653
2.00115
0.916187
-2.31024
0.443007
-1.14435
-1.50063
1.39867
-0.694641
0.208968
0.422781
-2.46736
1.31229
-0.269272
1.09169
1.06872
0.775761
0.430118
-1.04558
0.0204453
-1.56874
0.344349
0.291924
-0.400216
-0.879259
0.219951
-1.75914
-1.58267
1.52988
-0.510793
-0.209038
0.901641
-0.276436
0.0376263
0.743517
-0.724332
-0.155247
0.68603
-0.306539
-0.309806
-1.40471
0.508922
0.565115
-0.0999223
0.168953
0.377665
0.0121112
0.741478
0.750475
0.273147
3.43581
-0.11561
0.610715
-0.190544
0.30494
-0.120686
-0.851609
0.651694
1.88907
0.603827
0.741603
-0.805682
-1.08912
0.236127
0.703473
1.43111
-0.147287
2.57076
-0.260668
-0.0902933
-0.158886
-0.646627
-1.04938
0.258407
-1.1189
0.513026
0.461093
0.113513
1.14259
-1.43269
1.17869
-0.0542861
0.0670357
0.599056
-0.167248
0.856897
1.01816
-2.27538
0.822393
0.46033
0.723417
-0.611305
0.144469
-1.1581
0.00706698
-0.0609631
-1.09139
-0.958107
-0.968148
-1.03994
-0.844757
-0.24552
0.0029354
1.94419
0.101843
-0.590152
1.25317
-1.85018
1.06583
0.283804
1.61406
0.767895
0.490525
0.175638
2.00615
-0.701046
0.114352
-0.892315
0.673945
2.34638
-0.799022
-0.563827
-0.0439564
-0.238676
0.0431875
0.528474
0.963097
-0.217686
1.79199
-0.650548
-0.45872
-0.204977
-0.461016
-0.633578
-0.632526
1.59074
-0.105363
0.638305
-0.181441
-0.932691
2.44666
0.179058
-1.16952
-1.13569
-1.90853
-0.583061
0.057829
1.51087
1.18021
-1.27398
0.15583
-0.222465
-2.07427
0.391206
2.47942
-0.743928
-0.620471
0.584986
1.01617
-0.994859
0.110834
0.0506137
-0.557438
0.0746174
0.110653
-1.21447
-0.786528
-0.388343
-0.203905
-1.96019
0.430568
1.61081
-1.89725
-1.60758
1.77913
0.713847
0.327016
-0.332845
1.71125
-0.636739
0.842633
-0.0231857
-0.690739
1.3956
-0.0193036
0.129623
1.72
-0.285882
-0.827856
-0.392628
-0.390932
0.332088
-0.726204
0.18295
0.507883
-0.188037
0.0703673
1.24768
-0.605335
-2.29271
0.642704
-0.0369636
1.74302
-1.10828
-0.0276083
0.373027
-0.14051
-0.0377012
-1.20321
-1.11724
-0.474648
0.799904
1.72108
1.50316
-1.23923
0.395503
0.529382
0.523635
-0.734047
1.84372
0.19752
1.28023
-0.113953
1.0697
-0.828743
-1.92903
0.69531
-1.91326
-1.39922
-1.23509
1.95775
-0.45063
0.197304
-0.606036
0.171003
-1.14425
-1.42082
0.83769
-0.0138275
0.574234
-0.134205
-0.186682
1.43206
0.175474
-0.301424
-0.635677
-0.375315
0.387596
1.45165
-1.32186
-0.759062
-1.36748
2.00676
-0.857056
-0.568934
1.16627
-0.618362
0.880954
0.414932
0.400536
0.46717
0.777978
-0.383899
-0.162081
-0.828407
-1.29257
0.750686
1.21156
-0.148447
-0.502955
2.61947
0.090923
-0.823728
-2.37161
-1.29329
-0.607883
-0.443033
-0.0899731
1.04838
-0.255581
-1.56235
-0.888987
-0.692521
0.557312
1.72179
0.529509
1.2484
-0.488801
-1.98792
0.967239
0.923168
0.137912
0.629398
1.90443
0.445186
0.538478
-1.98972
2.48081
-0.297572
-0.599831
-0.871023
0.2627
-0.286177
-1.02988
1.58654
-1.12452
-1.26266
0.623832
-0.879136
-0.274118
2.4218
-0.230144
0.0227389
2.66247
1.85574
1.71664
0.475375
-2.73388
-0.347466
0.770897
0.250045
0.932518
-3.45862
0.780852
1.09864
1.84711
-1.80353
-0.334411
-1.36011
2.29992
-0.645486
0.0957044
0.516473
2.95634
-2.48234
1.42726
0.880696
1.26995
-1.62025
0.150012
2.26468
0.441065
-0.485688
1.08222
1.60216
0.190829
0.876437
0.461348
0.0960809
1.86259
1.40946
-1.01786
1.62584
-1.39108
-1.78155
1.31037
0.689394
-0.388604
-1.11435
-0.186112
1.21022
1.67502
