-0.326713
1.23527
1.66581
-2.02091
-1.21437
0.291775
1.1409
-0.283401
3.12525
0.464771
1.6768
-0.230259
0.166222
-1.05211
1.00755
-0.725235
-0.379401
0.286285
-0.432409
2.13488
0.224609
-1.50125
-0.0341234
-0.986655
0.208201
-0.91855
0.808491
-2.65151
-2.51894
1.2028
0.58371
0.578076
-1.08783
0.829831
-1.70065
-0.322115
0.00322549
0.216317
-0.315628
2.37585
-0.363632
0.895207
0.402894
0.446288
-0.577112
0.103064
-1.77903
0.818919
0.391179
-1.76043
-0.138329
-0.532459
-0.482396
0.679182
1.23145
-0.808532
0.135713
0.660746
0.605854
0.254998
-1.27462
-0.020655
0.112098
0.501439
1.3685
0.794173
-0.958176
-1.05622
-0.593666
-2.98662
0.208246
-3.53667
-0.0893552
-1.00965
-2.65977
0.086374
0.953241
1.29297
-2.40909
-0.85316
-0.50601
-0.109165
1.14357
0.311209
1.98078
1.57347
-0.854738
-1.95772
-0.565177
1.25889
0.00392279
-0.0191255
0.431052
-0.57568
-1.56889
0.4321
-0.0633138
-0.974944
0.315943
0.972505
0.434921
-0.683616
0.318981
1.16793
-0.143599
-1.2454
0.717009
-1.12747
0.951536
0.733142
-1.1121
0.3241
1.25169
-0.382761
-0.116651
0.492084
0.820995
-1.73965
-1.19025
-0.0868862
-0.865898
-3.52546
-0.393307
-0.196892
-1.16066
-0.0552312
-2.43672
-2.33987
-0.766639
-0.160453
0.210488
-0.577251
-0.309084
1.65592
1.45962
-1.31227
-0.482437
0.0297761
-1.22098
0.826869
-2.03139
1.49842
0.0106739
-1.94368
0.246294
-1.95741
-0.0600586
-0.620661
-0.853283
-1.03818
-0.999993
0.0490671
-1.10571
1.16459
0.738894
1.39404
0.617207
-1.07836
-0.21812
0.653136
-1.42263
-2.58913
0.282528
-0.595614
0.0168075
-1.43512
-3.49776
0.280134
-1.70493
0.694165
2.18246
1.23972
-1.15298
1.54623
0.370217
1.32638
-0.260658
0.817581
-0.865355
0.348558
-0.9848
-3.28466
0.649058
0.246393
-0.194191
0.833823
-0.697185
-1.72906
0.568964
-0.337082
0.626361
-0.957745
-1.48989
0.569484
0.372935
-0.802964
1.12135
-0.209897
0.459884
1.44856
0.546097
0.408326
-2.00488
1.11225
-0.163081
-0.825084
1.22743
0.856119
0.35644
-0.497114
-1.11858
1.39898
-2.27817
0.805136
-0.784873
-2.08993
-1.00645
-2.56622
0.71379
-1.35823
1.97922
1.72536
0.645001
0.0247638
-0.825709
-0.294845
1.71019
0.632631
-2.74871
-0.575244
-1.03409
-0.995316
0.430229
0.976619
-0.527231
0.401751
-1.70278
-3.08519
-1.74822
-0.48663
-1.2277
1.12717
0.377327
0.292386
0.977902
-0.500717
1.30642
-0.344345
-0.0933164
-0.64729
1.39896
0.757266
-2.68347
-1.11989
1.5784
-0.45769
-1.49038
0.647029
-1.20086
-0.10071
-0.886718
0.157858
-0.54342
-0.405805
0.601522
-1.14412
0.813848
0.639504
0.170234
1.79474
-0.325251
0.951473
1.37145
0.404562
0.36149
-1.50413
-2.0436
0.757039
0.551631
0.743423
-2.32683
-2.50567
-0.392002
0.9794
-1.01117
0.447578
0.408749
-1.71951
-2.3389
-0.292251
0.349829
-0.742668
0.852491
0.534075
0.322022
0.698518
-0.248532
0.326623
-0.769613
-0.370027
1.05941
-0.0285042
-0.0827553
0.424456
-0.148049
-0.319728
-0.651247
-1.56895
0.395446
0.543671
0.775412
-1.29585
1.37141
0.499737
-0.387206
-1.52448
-1.02159
0.422627
-1.68345
0.331255
1.65392
0.170465
0.524412
0.477031
-0.00246076
-1.31808
1.11837
0.0220932
0.135343
0.811015
-0.824608
-0.704144
0.493401
-0.547671
0.547446
-0.726777
-0.261856
0.302931
1.63325
-1.02858
-0.227443
0.49163
0.74561
0.703331
0.804407
-2.08241
0.410607
1.02808
0.391946
-1.28369
0.777236
-0.898492
-0.755958
0.644738
2.35904
0.246241
0.120676
1.61772
-0.367027
-0.071432
-0.334044
-0.231086
-0.0553825
1.16009
-0.694021
0.271076
1.53113
0.487808
-1.77849
0.44837
0.235378
0.00638395
0.939816
0.198507
-2.72811
1.13063
0.941604
0.354956
2.49574
-0.929498
1.43161
-0.646815
-2.9073
0.676451
-1.25887
0.290624
0.954033
0.817161
-0.17137
-0.745928
0.421934
0.997394
-1.7032
-0.104877
0.414626
0.393277
0.815837
0.244082
1.062
1.04508
0.44439
0.206854
1.52449
-0.302051
1.9307
0.690343
-1.01614
0.673476
-1.81634
-1.42174
0.339656
-1.11341
-1.1015
1.58081
0.877488
0.0266905
-1.19073
-0.139705
-0.288211
1.04725
0.339505
-0.702783
0.70808
2.14408
-0.665016
0.0824341
0.791715
-0.0242988
-2.14825
-0.444471
-0.732722
-0.546011
1.3818
0.282904
0.207354
1.65273
0.721485
-0.283185
0.988416
0.987915
-0.251767
0.966577
-0.161433
0.981638
0.369685
0.523319
0.983364
1.92709
-0.0685337
-0.578765
-2.51179
-1.265
-0.407788
-0.0043786
-2.1978
-1.13303
-0.591527
-2.47855
-1.17727
-2.04151
-0.314848
0.0660575
2.98043
0.901517
0.568581
0.329604
1.61223
1.81568
-0.3859
0.39398
-1.12991
0.912894
-0.536776
1.1584
0.180562
0.339458
0.288124
0.74689
-1.50282
2.97278
-0.227566
-0.929464
0.335814
-2.99874
0.0605977
-3.08074
2.11954
-0.723406
-0.0618659
-0.168019
-0.286337
0.87532
-0.13523
0.625339
0.481344
-0.735819
-1.70895
-0.681742
-0.711714
-0.668863
