-0.841117
-1.04278
1.25105
2.03102
-0.309137
-0.300609
-1.06778
-0.223576
1.71393
-0.325234
1.01782
1.17754
-0.852826
-0.551665
-1.25309
-0.964195
0.281314
0.924324
2.37301
-0.473021
0.44465
-0.297062
-1.2031
-0.567345
0.383243
-1.40348
1.0974
-0.366442
0.938836
1.78964
1.96252
0.96973
-0.732313
-2.08302
4.25497
-0.429207
1.20995
-0.561732
0.372282
-1.07432
-1.25664
1.09039
-1.20678
-0.611313
1.17012
-0.519637
-1.18687
0.645577
-0.13887
-0.186935
-1.49114
-0.273436
0.599887
-0.379582
0.933269
0.229072
0.515979
-0.467314
3.38862
-0.782046
-0.770927
1.08058
0.6841
1.57271
0.525286
-0.855283
-0.125331
-1.41885
3.40138
0.45784
-2.01702
0.0878512
1.75482
-1.08619
-0.200433
0.49234
1.5219
-0.418295
-0.670556
-2.03019
-0.382755
0.471988
1.12553
1.19907
0.32228
-0.0575192
-1.35768
-0.202863
-0.984338
3.34283
-0.0994419
-1.50284
0.488267
0.147726
0.970507
1.46261
-0.9104
0.253828
-0.267881
-0.564015
0.590419
-0.433496
-0.623687
0.778235
-1.4161
-0.0863161
1.04373
0.528374
-0.878368
-0.887562
-0.311242
0.780076
0.282709
-0.181079
0.500114
-0.436641
2.00999
0.229706
0.740202
-1.48198
1.27033
0.969289
-1.12891
-0.00965187
0.216067
3.31919
1.09461
-0.134369
-0.789758
-1.41208
2.25989
0.146062
-0.604947
0.474206
1.78873
1.567
-0.0469327
-0.670817
0.584168
0.600571
0.0646138
0.195991
2.6571
0.290581
-0.210344
-0.371966
0.0124415
-0.976955
0.109705
-1.91208
1.92906
-1.90534
1.22067
-0.647656
1.96169
-0.238671
-0.602687
0.529835
1.31867
1.95689
0.53327
-1.49273
-0.344257
-0.34961
-0.643103
2.7933
-1.98328
0.0584336
-0.371056
1.30196
0.783102
0.399196
-0.2023
-0.92089
-0.476442
-0.0284038
-0.351228
-0.927591
0.951196
0.0165851
-0.202553
-1.49032
1.12048
3.5078
2.63147
-0.267994
-0.348904
0.363957
0.807042
-0.550327
2.07547
-1.02446
2.02478
0.606948
0.530721
0.294404
-0.0815207
0.252439
0.71956
-0.847008
-0.461164
1.5676
2.69692
-0.806526
0.842484
-0.626645
1.12331
2.35903
1.44659
2.64104
-0.884781
-1.07269
0.474679
1.76163
-0.254166
0.893425
-0.714114
-0.765703
-0.126515
-0.454418
0.146497
0.535411
0.893514
2.08598
-0.859332
0.525459
-0.384652
0.27172
0.186122
2.40554
1.09676
-0.840952
1.25058
0.00937382
-1.1812
0.135877
-1.12122
0.638399
0.244129
0.491242
1.14311
2.47151
0.302367
1.7588
-0.87561
0.225463
-0.0396654
-1.59302
-0.878287
0.299919
1.14823
1.00744
0.0570979
0.776678
-1.14711
0.104751
0.182862
-0.0935038
-2.05226
-0.470183
-0.201147
0.378835
0.31692
1.54046
-0.440194
0.611051
-0.123513
0.22969
-0.844853
1.73612
1.41191
0.527868
0.691338
-2.52549
1.73562
0.199841
1.1843
0.580983
-0.0699691
1.33041
-0.706489
-0.522365
-0.581962
-0.288435
-0.024176
-0.789417
0.616811
-0.758978
0.350578
0.978296
-0.785488
0.683049
0.972557
-1.6094
0.201559
-0.519726
-0.222446
1.37251
-0.747557
0.688542
0.0286767
0.36829
0.818775
-0.973477
0.0912275
1.3932
1.01919
1.84949
1.63787
0.554702
-0.653522
0.628926
-0.471823
-0.690697
-1.06847
-0.597449
-1.17336
-0.516982
-0.597249
-2.08078
0.67784
0.78214
1.48455
0.674542
-0.934612
0.189329
-0.94129
1.8826
-0.773079
0.247483
-2.07147
-0.558593
0.578852
-0.00346354
1.86618
0.812125
-1.31045
1.94533
-0.585687
-0.188594
0.492345
0.542796
1.17091
-0.481454
2.90039
1.0432
0.341697
-0.101265
0.695289
0.950978
0.878583
-1.11745
-0.966049
0.0278023
4.25322
-2.17742
0.00490868
-0.0772074
0.420104
-0.57748
-0.855545
1.43216
-1.09393
-0.973196
0.834363
-1.16081
0.897528
-0.0701074
1.19907
-0.207012
-0.202759
0.637902
-0.303789
0.915768
-1.46114
-0.229817
1.74765
-2.90919
0.458189
-0.348733
0.491802
-0.856551
-0.653075
1.7978
1.18431
-0.925127
1.30148
1.11702
-0.613417
-0.58749
-1.04487
-0.0301581
0.589163
-1.8698
0.1053
0.201236
1.30275
-0.0247625
2.4923
0.31265
-2.58421
1.02563
-1.11537
-0.339443
-0.482316
-0.995071
1.90474
-0.36651
-0.293677
-0.215783
0.163834
0.778973
-0.206247
0.531563
3.01758
-0.530299
0.507381
0.635493
0.753819
0.63588
-0.11579
-1.19553
1.85637
0.374898
-1.67239
0.163346
-0.456138
1.61345
-1.11052
0.428694
-0.373617
-0.110584
-0.131722
0.283793
-0.501554
0.0676767
0.754427
-0.445407
-1.01699
0.841518
0.0497256
0.0172445
0.594078
-0.734714
1.12815
0.201476
-1.25337
1.366
0.370067
-0.111791
-0.923056
0.759032
-1.13551
0.582551
0.507157
-1.11864
-0.229567
-0.804444
-0.68526
0.618682
-0.650434
-1.37953
-0.167504
0.261485
-0.506331
0.548215
1.28108
0.182198
1.03151
-0.782695
-0.0321157
0.816892
-2.00522
0.503994
-0.390391
-0.131893
2.36944
-0.652297
3.61819
0.511573
-2.86173
-1.29516
-0.522277
1.66163
-0.942002
0.811457
0.00659005
-0.8901
1.21484
0.245727
-0.160314
1.06876
1.25323
1.11503
0.0364782
2.57191
0.575391
0.590999
2.63895
1.11816
