0.786003
-1.4285
0.389893
0.662351
1.09633
-0.786353
1.52094
-0.209834
-1.12181
0.179616
-0.387308
-1.62786
0.39886
-0.401306
1.61531
0.877063
-2.43663
-0.264579
-0.0206983
-0.0397742
-0.297374
-0.31944
1.73151
1.05608
0.315947
-0.755713
0.402827
0.909421
1.40282
-0.0760882
0.465081
1.99935
1.21429
0.241423
-2.06708
-0.714446
-0.404334
0.565542
-2.68228
0.449463
-0.243829
1.10923
0.779523
0.0985497
0.686946
0.894393
-0.21362
-0.392865
-1.15961
0.32022
0.910338
-0.595541
-1.39569
-0.238254
0.493852
-0.142606
0.0104626
0.38618
-0.332169
-1.38587
0.178917
-0.607346
-0.791859
0.158689
-0.533965
0.65258
-0.971383
-0.803507
-0.86387
0.227682
-0.160721
-0.437969
-1.0221
-1.10614
-0.333052
-1.23229
-1.21222
1.2025
0.548231
-1.02702
0.887703
0.891202
1.29278
0.953137
0.135442
0.398252
0.670997
-0.0131275
0.40413
-0.344876
0.774517
-0.415167
1.57665
0.88667
1.31356
-0.321637
0.489925
-0.624737
-0.279033
-0.330906
0.335573
-1.34348
1.2223
0.973083
0.567783
-0.100507
-0.597682
-2.60053
-0.548407
-0.903302
-0.270342
-1.45067
-0.830211
2.50245
2.37117
0.551622
1.07371
0.0593167
-1.43504
-0.648939
-0.562816
-0.0292582
0.201159
0.330112
0.696493
0.644618
-1.09762
0.036808
-0.815008
-0.660613
1.39647
-0.265314
-0.556075
-0.105974
-1.95461
0.849019
-2.83535
-1.15024
-0.105697
1.34694
0.663842
-2.53878
0.349456
1.42756
1.22771
-0.382735
1.12475
0.921867
-1.79111
0.253328
-0.0924256
2.17203
-0.837757
0.0401255
0.454921
-0.234751
-0.690848
0.627539
0.0181485
-0.512866
-0.594243
0.360883
-0.015709
0.859893
-0.382461
0.850808
0.336973
-0.966275
-0.627837
-1.06252
1.02295
0.559602
-0.852543
-0.655721
0.754426
0.44631
-0.531688
0.457627
1.49333
-1.40085
-0.842452
0.153825
-1.06684
-0.256621
-1.14639
0.68673
1.31602
-0.236097
2.65993
0.0818119
0.0327894
0.323628
0.583184
-1.18152
0.335985
0.297722
0.0192693
0.741505
-1.23252
0.522205
1.01668
-0.875686
3.03783
0.897086
-0.0144347
-0.931983
-0.487741
0.778224
-2.74468
1.81418
-0.762883
0.317358
0.355751
0.76406
0.272891
-2.12437
0.123829
-0.36067
1.45549
-0.855211
-0.757063
1.37171
0.96131
-0.805522
0.425801
1.03166
-0.115411
-1.39519
0.494405
0.460984
0.294103
2.3318
0.892058
0.606446
0.645779
0.987251
-2.2528
0.13085
1.4147
-0.748466
-0.779851
0.312032
1.39704
-1.3072
0.51573
0.439575
-0.384557
0.908344
-3.30262
-0.150402
1.12717
-0.459604
-0.172973
0.759482
1.50842
0.646241
0.579794
-1.11895
-0.233685
0.114022
-0.0144158
0.514284
-0.330297
0.877578
-0.130834
-0.781089
-1.0205
-0.662984
0.188083
-1.33258
1.47751
-0.126908
0.197086
1.40525
0.251611
-2.2296
1.48635
0.556471
2.08553
1.632
0.501121
-0.846516
-1.30482
0.751806
1.91117
-0.819757
-1.58289
0.275323
-1.47896
0.554185
-1.03985
0.330391
-1.54065
0.912685
-0.434088
1.3365
0.509317
0.645337
0.76585
0.119311
-1.31271
-0.334194
0.0388901
-1.36481
0.912562
-1.36746
-1.50909
1.8375
1.24656
0.946287
-0.0874296
0.455448
0.494691
0.983311
0.502401
0.882354
-0.529082
1.12379
0.87808
0.0322766
-0.428457
-1.35602
-0.296351
-0.0235924
0.456189
1.49782
1.88439
-0.397766
-0.474859
0.716547
-1.2678
1.74492
-0.264871
-0.683763
0.542822
0.039425
-1.07031
-0.576378
-0.426349
0.0394868
2.02729
2.76619
-3.15018
-0.695152
-1.24799
2.92863
1.02055
-0.30818
-1.05789
0.126216
-0.192153
1.76411
0.955249
-0.215741
-0.570597
0.310337
-0.109335
-0.389373
1.22042
-0.732452
-0.368453
-2.5792
-0.0456212
-2.64003
0.638653
-2.0386
0.214458
0.651196
-0.404344
-0.489875
-1.31719
-0.151243
-0.129494
0.680944
0.409632
-0.819833
-1.57223
1.42759
0.503162
-0.37894
1.3129
0.0440017
0.220343
-0.54338
-0.34676
-1.25044
1.76169
0.827868
0.411745
2.05642
-0.394853
0.220648
0.868591
0.229402
0.390348
1.35431
1.19724
0.470658
-1.05151
-0.930441
0.489643
-1.19389
-0.0156457
-0.449834
-0.103578
0.310538
0.954756
-2.55285
-1.57335
0.783263
0.487828
0.512841
-0.832036
-0.36641
0.718773
-0.200039
-0.639043
0.406442
-2.3808
-0.703526
-0.996724
0.607603
0.439326
1.09023
0.379936
1.04598
-0.189578
1.09065
-0.759954
-0.541314
-0.397047
1.43168
1.27155
0.496063
1.58455
0.137188
1.39386
0.220943
-1.24205
-1.53248
0.0267608
-0.0927471
0.65944
0.693954
-0.0763113
0.510409
-1.01563
-1.0597
-0.148146
-0.810159
-0.0446197
1.58819
0.801268
-0.338081
-0.569676
-0.811393
2.49446
0.650368
1.2943
-0.891607
0.474204
-0.0573733
0.322155
-1.09431
0.388666
0.816922
-0.661326
-0.102052
0.0558522
-1.36915
1.59806
-0.257496
-0.227477
1.73233
-0.485813
0.425423
0.420442
0.252238
-0.29574
-0.0473782
1.07558
1.48287
1.10341
-0.621487
-0.726844
0.111526
0.636551
-1.09436
0.296571
0.380611
-1.51938
0.225657
-1.54918
0.204127
-0.597187
0.783582
2.43219
-0.916543
-0.71263
0.206162
